latitude,longitude,brightness,scan,track,acq_date,acq_time,satellite,instrument,confidence,version,bright_t31,frp,daynight,type
-1.9578,9.8795,303.6,1.1,1.1,2021-01-02,0957,Terra,MODIS,48,6.03,275.1,5.3,D,2
-1.9549,9.8797,305.2,1.1,1.1,2021-01-05,0103,Aqua,MODIS,63,6.03,291.3,6.5,N,2
-0.7423,12.9725,301.7,1,1,2021-01-08,2141,Terra,MODIS,44,6.03,291.3,3.8,N,0
-0.6473,12.3499,302.6,1,1,2021-01-11,1247,Aqua,MODIS,53,6.03,282.2,4.2,D,0
1.5741,11.7322,309.2,1,1,2021-01-11,1248,Aqua,MODIS,50,6.03,294.4,4.5,D,0
-0.8548,10.3096,304.1,3,1.6,2021-01-15,1223,Aqua,MODIS,15,6.03,286.2,13.6,D,0
-0.8594,10.2902,304.8,3,1.6,2021-01-15,1223,Aqua,MODIS,15,6.03,284.9,15.1,D,0
-0.7389,12.9716,303.9,1.2,1.1,2021-01-15,2147,Terra,MODIS,58,6.03,291,6.1,N,0
-0.7404,12.9612,301.5,1.2,1.1,2021-01-15,2147,Terra,MODIS,42,6.03,291.1,4.4,N,0
-3.269,11.4106,333.3,1.3,1.1,2021-01-16,1305,Aqua,MODIS,86,6.03,295.4,39.8,D,0
-3.2625,11.4042,316,1.3,1.1,2021-01-16,1305,Aqua,MODIS,53,6.03,294.2,10.5,D,0
-3.2608,11.4161,322.2,1.3,1.1,2021-01-16,1305,Aqua,MODIS,77,6.03,293.9,19.3,D,0
-3.2672,11.4226,323.6,1.3,1.1,2021-01-16,1305,Aqua,MODIS,78,6.03,294.7,21.3,D,0
-1.9656,9.8726,309.8,1,1,2021-01-18,1253,Aqua,MODIS,57,6.03,285.1,6.8,D,2
2.0949,11.4934,315.9,1.1,1,2021-01-18,1254,Aqua,MODIS,43,6.03,295.8,7.7,D,2
2.112,11.4813,314.7,1.1,1,2021-01-18,1254,Aqua,MODIS,49,6.03,294.9,7.4,D,0
2.1467,11.4126,314.4,1.1,1,2021-01-18,1254,Aqua,MODIS,56,6.03,291.6,9,D,0
-1.3155,14.404,309.1,1.3,1.1,2021-01-20,0944,Terra,MODIS,37,6.03,280.2,10.7,D,0
-0.6437,12.3445,305.4,1,1,2021-01-20,1241,Aqua,MODIS,27,6.03,282.7,4.6,D,0
-0.865,12.6674,315,1,1,2021-01-20,1241,Aqua,MODIS,71,6.03,293.1,9.3,D,0
-0.8663,12.6582,311.6,1,1,2021-01-20,1241,Aqua,MODIS,57,6.03,294.3,6.4,D,0
-1.5243,9.9548,308,1.4,1.2,2021-01-20,1241,Aqua,MODIS,54,6.03,292.8,6.7,D,2
-0.7389,12.9665,313,1,1,2021-01-20,1241,Aqua,MODIS,63,6.03,295.6,6.4,D,0
0.8175,9.7019,305.2,1.4,1.2,2021-01-20,1241,Aqua,MODIS,26,6.03,290.2,3.8,D,0
2.0075,11.5119,314,1.1,1,2021-01-20,1242,Aqua,MODIS,69,6.03,296,9.3,D,0
-1.5224,9.957,304.6,1.1,1.1,2021-01-21,0103,Aqua,MODIS,61,6.03,288.9,6.6,N,2
-2.1269,11.2411,312,3,1.7,2021-01-21,1323,Aqua,MODIS,64,6.03,289.1,31.3,D,0
1.8763,11.4132,308.9,1.7,1.3,2021-01-22,1229,Aqua,MODIS,53,6.03,292.8,11,D,0
-0.8639,12.6628,308.4,1.4,1.2,2021-01-25,1259,Aqua,MODIS,26,6.03,289.4,4.8,D,0
-2.5439,11.522,317.6,1.1,1.1,2021-01-25,1259,Aqua,MODIS,71,6.03,296.2,10,D,0
2.0423,11.5048,319.3,1.3,1.1,2021-01-25,1300,Aqua,MODIS,72,6.03,293.3,17.1,D,0
-2.3477,11.1633,314.7,1,1,2021-01-27,1247,Aqua,MODIS,70,6.03,288.5,9.4,D,0
2.1263,11.4869,329.3,1,1,2021-01-27,1248,Aqua,MODIS,85,6.03,294.3,22.6,D,0
-0.7062,10.2638,310.5,1.1,1.1,2021-02-01,0044,Aqua,MODIS,80,6.03,289.6,10.5,N,0
-0.6966,10.2652,307,1.1,1.1,2021-02-01,0044,Aqua,MODIS,70,6.03,289.9,8,N,0
-3.42,10.6893,304.4,2.2,1.4,2021-02-01,1009,Terra,MODIS,0,6.03,282.4,13.4,D,0
-0.703,10.2649,315.7,1.8,1.3,2021-02-01,1009,Terra,MODIS,64,6.03,284.8,26,D,0
2.2015,11.6647,322.8,1.7,1.3,2021-02-01,1306,Aqua,MODIS,79,6.03,293.1,34.4,D,0
-0.7056,10.2649,321.1,1.2,1.1,2021-02-01,1306,Aqua,MODIS,77,6.03,284.9,18.5,D,0
-0.7411,12.9672,303.9,1,1,2021-02-02,2135,Terra,MODIS,57,6.03,280.7,6.2,N,0
-0.7047,10.2614,303.2,1.3,1.1,2021-02-02,2135,Terra,MODIS,54,6.03,291.1,6.2,N,0
-0.9044,9.4338,311.3,1.1,1,2021-02-03,0957,Terra,MODIS,47,6.03,292.4,5.4,D,0
-1.5902,9.9774,311.3,1.1,1.1,2021-02-03,0957,Terra,MODIS,60,6.03,293.6,6.5,D,0
-2.1628,11.1035,316.6,1,1,2021-02-03,1253,Aqua,MODIS,65,6.03,297.2,6.3,D,0
-1.5258,9.9542,318.2,1,1,2021-02-03,1253,Aqua,MODIS,72,6.03,293.5,10.6,D,2
-0.7084,10.263,313.1,1,1,2021-02-03,1253,Aqua,MODIS,30,6.03,290.9,4.9,D,0
-1.9564,9.8745,313.1,1,1,2021-02-05,0945,Terra,MODIS,53,6.03,289.8,7.2,D,2
-2.7645,11.5131,312.9,1.2,1.1,2021-02-05,1240,Aqua,MODIS,45,6.03,295.3,8,D,0
-2.766,11.5026,322.3,1.2,1.1,2021-02-05,1240,Aqua,MODIS,77,6.03,294.2,19.2,D,0
-0.7435,12.9669,314.7,1,1,2021-02-05,1241,Aqua,MODIS,66,6.03,295.6,7.4,D,0
-0.861,12.6604,314,1,1,2021-02-05,1241,Aqua,MODIS,57,6.03,296.3,7.6,D,0
1.8445,11.8157,309.7,1,1,2021-02-05,1242,Aqua,MODIS,57,6.03,290.5,5.3,D,0
1.5713,11.5224,317.7,1.1,1,2021-02-05,1242,Aqua,MODIS,73,6.03,294.1,12.4,D,0
2.1178,11.4162,309,1.1,1,2021-02-05,1242,Aqua,MODIS,41,6.03,292.7,4.9,D,0
2.0678,11.574,310.9,1.1,1,2021-02-05,1242,Aqua,MODIS,56,6.03,293.3,6.6,D,0
1.8314,11.4074,309.4,1.1,1,2021-02-05,1242,Aqua,MODIS,56,6.03,293.3,5.3,D,0
1.8137,11.3512,308.3,1.1,1,2021-02-05,1242,Aqua,MODIS,50,6.03,293.1,4.8,D,0
2.2379,11.6708,308.9,1,1,2021-02-05,1242,Aqua,MODIS,36,6.03,292.6,4.6,D,0
-1.5287,9.9478,301.9,1.4,1.2,2021-02-05,2205,Terra,MODIS,45,6.03,285.3,6.3,N,2
-1.5851,9.9776,305.3,1.1,1.1,2021-02-06,0103,Aqua,MODIS,64,6.03,289.5,6.7,N,0
-1.5191,9.9521,303.1,1.1,1.1,2021-02-06,0103,Aqua,MODIS,53,6.03,288.1,5.7,N,2
-1.5206,9.9623,301.6,1.1,1.1,2021-02-06,0103,Aqua,MODIS,43,6.03,287.9,4.5,N,2
-0.294,11.0832,301.5,1.1,1.1,2021-02-07,2153,Terra,MODIS,42,6.03,290.7,3.9,N,0
-1.5873,9.9784,301.7,1,1,2021-02-08,0051,Aqua,MODIS,43,6.03,290.4,3.8,N,0
-1.5205,9.9575,311.9,1,1,2021-02-08,0051,Aqua,MODIS,84,6.03,289.1,11,N,2
-0.7766,9.1886,320.6,1,1,2021-02-10,1259,Aqua,MODIS,73,6.03,293.4,10.2,D,0
2.2709,11.4105,320.8,1.3,1.1,2021-02-10,1300,Aqua,MODIS,71,6.03,295.4,17.7,D,0
2.2725,11.4218,316.4,1.3,1.1,2021-02-10,1300,Aqua,MODIS,65,6.03,293.7,11.7,D,0
-0.7439,12.969,305.5,1.2,1.1,2021-02-11,2128,Terra,MODIS,64,6.03,293.7,5.7,N,0
-1.5262,9.9568,313.9,1,1,2021-02-12,0951,Terra,MODIS,66,6.03,294.9,7.8,D,2
-1.5803,13.5721,322.7,1,1,2021-02-12,1247,Aqua,MODIS,73,6.03,298.2,13.5,D,0
-1.6381,13.4951,314.3,1,1,2021-02-12,1247,Aqua,MODIS,54,6.03,297.7,5,D,0
-3.1188,11.1865,326.2,1.1,1,2021-02-12,1247,Aqua,MODIS,80,6.03,297,19,D,0
0.2263,11.9261,313.4,1,1,2021-02-12,1247,Aqua,MODIS,47,6.03,298.8,6.5,D,0
-0.8644,12.6628,318,1,1,2021-02-12,1247,Aqua,MODIS,66,6.03,297.7,10,D,0
-1.5739,13.5654,318.4,1,1,2021-02-12,1247,Aqua,MODIS,66,6.03,298.5,10.2,D,0
1.918,11.5839,313.7,1,1,2021-02-12,1248,Aqua,MODIS,64,6.03,297.4,6.5,D,0
1.9091,11.3314,321.3,1,1,2021-02-12,1248,Aqua,MODIS,76,6.03,298.4,12.9,D,0
1.8193,11.3508,316.9,1,1,2021-02-12,1248,Aqua,MODIS,55,6.03,297.5,9.6,D,0
1.7419,11.4494,313.3,1,1,2021-02-12,1248,Aqua,MODIS,63,6.03,292.7,6.9,D,0
1.8702,11.6426,312.3,1,1,2021-02-12,1248,Aqua,MODIS,43,6.03,295.5,5.1,D,0
1.7762,11.7526,319.4,1,1,2021-02-12,1248,Aqua,MODIS,73,6.03,296.6,11.7,D,0
1.652,11.5323,321.5,1,1,2021-02-12,1248,Aqua,MODIS,76,6.03,293.4,14.2,D,0
-1.5242,9.956,305.3,1.4,1.2,2021-02-13,0109,Aqua,MODIS,64,6.03,286.3,10.1,N,2
-1.3192,13.3075,314.4,1.1,1.1,2021-02-14,1235,Aqua,MODIS,69,6.03,289.5,9.7,D,0
1.9789,11.6671,305.5,1.2,1.1,2021-02-14,1236,Aqua,MODIS,59,6.03,282.8,5.6,D,0
1.8115,11.456,308.3,2.8,1.6,2021-02-15,1318,Aqua,MODIS,62,6.03,284.2,23,D,0
0.8911,10.6784,303,1.9,1.3,2021-02-17,1008,Terra,MODIS,16,6.03,283.2,5.3,D,0
-1.525,9.9542,322,1.2,1.1,2021-02-17,1305,Aqua,MODIS,73,6.03,288.2,17.6,D,2
-1.5265,9.9439,313,1.2,1.1,2021-02-17,1305,Aqua,MODIS,48,6.03,288.5,7.5,D,2
2.1241,11.6467,318.9,1.7,1.3,2021-02-17,1306,Aqua,MODIS,72,6.03,293.6,22.9,D,0
2.1268,11.6521,319.3,1.7,1.3,2021-02-17,1306,Aqua,MODIS,72,6.03,294.5,22.5,D,0
1.99,11.3325,315.2,1.6,1.2,2021-02-17,1306,Aqua,MODIS,65,6.03,295.6,14.7,D,0
2.2481,11.6227,317.6,1.7,1.3,2021-02-17,1306,Aqua,MODIS,69,6.03,296.2,19.2,D,0
1.652,11.6236,312,1.6,1.3,2021-02-17,1306,Aqua,MODIS,42,6.03,290.8,11.6,D,0
1.9887,11.3394,321.3,1.6,1.2,2021-02-17,1306,Aqua,MODIS,75,6.03,295.4,24.6,D,0
1.9919,11.3465,313.9,1.6,1.2,2021-02-17,1306,Aqua,MODIS,62,6.03,295.1,13.2,D,0
1.827,11.6328,301.2,1.6,1.2,2021-02-19,0032,Aqua,MODIS,38,6.03,283.5,11.8,N,0
-1.5182,9.9557,302.5,1.9,1.3,2021-02-19,0032,Aqua,MODIS,14,6.03,287.1,12.5,N,2
0.3796,9.6207,315.3,1.1,1,2021-02-19,0956,Terra,MODIS,41,6.03,294.7,7.3,D,0
0.381,9.6113,313.2,1.1,1,2021-02-19,0956,Terra,MODIS,21,6.03,293.9,5.3,D,0
-0.6427,12.3493,308.3,1.1,1,2021-02-19,1253,Aqua,MODIS,55,6.03,286.3,4.6,D,0
-0.7468,12.971,313,1.2,1.1,2021-02-19,1253,Aqua,MODIS,64,6.03,292.2,8.3,D,0
2.087,11.3557,310,1.1,1,2021-02-19,1254,Aqua,MODIS,38,6.03,290.7,5.4,D,0
2.2226,11.7302,317.9,1.1,1,2021-02-19,1254,Aqua,MODIS,72,6.03,292.1,13.4,D,0
1.8349,11.4041,308,1.1,1,2021-02-19,1254,Aqua,MODIS,44,6.03,289.4,4.4,D,0
2.0681,11.6199,309.2,1.1,1,2021-02-19,1254,Aqua,MODIS,44,6.03,293.7,4.1,D,0
1.7961,11.3875,323.8,1.1,1,2021-02-19,1254,Aqua,MODIS,79,6.03,292.2,18.9,D,0
0.0756,11.0719,308.4,1,1,2021-02-19,1254,Aqua,MODIS,41,6.03,288.8,3.7,D,0
1.9238,11.9005,311,1.1,1,2021-02-19,1254,Aqua,MODIS,60,6.03,295.7,5.9,D,0
1.5884,11.3531,315.7,1,1,2021-02-19,1254,Aqua,MODIS,69,6.03,292.9,10,D,0
1.836,11.8001,324.2,1.1,1,2021-02-19,1254,Aqua,MODIS,79,6.03,292.1,19.4,D,0
1.8174,11.4708,307.9,1.1,1,2021-02-19,1254,Aqua,MODIS,44,6.03,288.6,4.9,D,0
-1.6204,14.3261,314.2,1,1,2021-02-23,0932,Terra,MODIS,61,6.03,293.1,5.6,D,0
-1.9604,14.0712,317.4,1,1,2021-02-23,0932,Terra,MODIS,66,6.03,296.2,7.8,D,0
-1.9514,14.0725,314,1,1,2021-02-23,0932,Terra,MODIS,26,6.03,293.9,4.7,D,0
-1.6827,14.3109,329.8,1,1,2021-02-23,0932,Terra,MODIS,83,6.03,291.3,22.1,D,0
-1.684,14.3199,314.8,1,1,2021-02-23,0932,Terra,MODIS,64,6.03,290.8,6.7,D,0
-0.8611,12.6704,311.7,1.1,1,2021-02-23,0932,Terra,MODIS,40,6.03,292,5.3,D,0
-1.4187,13.5168,312.6,1.3,1.1,2021-02-23,1229,Aqua,MODIS,65,6.03,287.4,10,D,0
-0.7412,12.9721,300.4,1.1,1,2021-02-24,0051,Aqua,MODIS,27,6.03,282.3,5.3,N,0
1.9957,11.5577,312.2,2.2,1.4,2021-02-24,1312,Aqua,MODIS,0,6.03,289,22.4,D,0
1.2916,11.6747,312.7,2.1,1.4,2021-02-24,1312,Aqua,MODIS,66,6.03,291.3,20.2,D,0
0.2296,11.925,307.3,1,1,2021-02-25,2141,Terra,MODIS,71,6.03,290,6.9,N,0
-1.5248,9.951,317.2,1,1,2021-02-26,1259,Aqua,MODIS,68,6.03,296.2,9.1,D,2
2.177,11.586,308.8,1.3,1.1,2021-02-26,1300,Aqua,MODIS,43,6.03,289.5,5.2,D,0
2.164,11.4945,319.8,1.3,1.1,2021-02-26,1300,Aqua,MODIS,74,6.03,297.6,16.4,D,0
-0.7085,8.7712,327.3,1,1,2021-02-26,1300,Aqua,MODIS,41,6.03,300.1,13.2,D,2
2.1656,11.5059,320.8,1.3,1.1,2021-02-26,1300,Aqua,MODIS,71,6.03,293.2,18.2,D,0
-2.0544,14.1343,317.7,2.1,1.4,2021-02-27,0908,Terra,MODIS,28,6.03,299.8,21.1,D,0
-0.5733,9.242,316.2,1,1,2021-02-28,0950,Terra,MODIS,54,6.03,297.4,6.8,D,0
-1.526,9.9541,319.2,1,1,2021-02-28,0950,Terra,MODIS,75,6.03,289,12.5,D,2
-0.572,9.2331,316.3,1,1,2021-02-28,0950,Terra,MODIS,49,6.03,295.9,6.9,D,0
-0.5833,9.2436,314,1,1,2021-02-28,0950,Terra,MODIS,64,6.03,295.9,6,D,0
-0.6682,14.1494,335.9,1.1,1.1,2021-02-28,1247,Aqua,MODIS,86,6.03,300.3,32.7,D,0
-0.7605,13.8192,315,1.1,1,2021-02-28,1247,Aqua,MODIS,50,6.03,298.1,6.6,D,0
-0.6587,14.1481,317.1,1.1,1.1,2021-02-28,1247,Aqua,MODIS,62,6.03,299.8,7.4,D,0
-1.2238,14.3651,327.3,1.1,1.1,2021-02-28,1247,Aqua,MODIS,56,6.03,305.1,11.7,D,0
-3.2379,11.3646,313.8,1,1,2021-02-28,1247,Aqua,MODIS,68,6.03,290.7,7.3,D,0
-1.4329,14.3256,321,1.1,1.1,2021-02-28,1247,Aqua,MODIS,65,6.03,300.4,10.2,D,0
-1.5502,14.1466,322.9,1.1,1,2021-02-28,1247,Aqua,MODIS,70,6.03,301.2,11.4,D,0
-1.4191,14.3543,318.6,1.1,1.1,2021-02-28,1247,Aqua,MODIS,57,6.03,299.8,7.1,D,0
1.9178,11.5065,313.8,1,1,2021-02-28,1248,Aqua,MODIS,62,6.03,296.5,6.7,D,0
1.988,11.6779,311.8,1,1,2021-02-28,1248,Aqua,MODIS,55,6.03,294.5,5.1,D,0
2.1787,11.6596,318.7,1,1,2021-02-28,1248,Aqua,MODIS,60,6.03,296.9,9.8,D,0
-1.5262,9.9597,303.7,1.4,1.2,2021-03-01,0109,Aqua,MODIS,56,6.03,289.7,6.9,N,2
-1.52,9.958,309.3,3.1,1.7,2021-03-03,1021,Terra,MODIS,58,6.03,292.9,22.7,D,2
2.075,11.4536,316.1,2.8,1.6,2021-03-03,1319,Aqua,MODIS,68,6.03,294.3,37.5,D,0
2.0765,11.4482,319.8,2.8,1.6,2021-03-03,1319,Aqua,MODIS,69,6.03,294.5,47.7,D,0
2.0715,11.4286,316.8,2.8,1.6,2021-03-03,1319,Aqua,MODIS,69,6.03,295.3,40.8,D,0
-1.8335,14.3738,308.6,1.5,1.2,2021-03-04,1222,Aqua,MODIS,24,6.03,277.4,10.2,D,0
-0.7384,12.9651,309.2,1.2,1.1,2021-03-04,2147,Terra,MODIS,60,6.03,288.6,10.9,N,0
-0.7364,12.9736,310.2,1,1,2021-03-05,0044,Aqua,MODIS,79,6.03,292.7,8.5,N,0
-0.7351,12.9647,305.6,1,1,2021-03-05,0044,Aqua,MODIS,65,6.03,292.7,5.4,N,0
-1.5283,9.9486,317.2,1.2,1.1,2021-03-05,1305,Aqua,MODIS,71,6.03,293.7,10.9,D,2
-0.7487,12.9682,310.6,1.9,1.3,2021-03-05,1305,Aqua,MODIS,56,6.03,286.9,17.5,D,0
-1.5891,9.9716,304.1,1.4,1.2,2021-03-06,2134,Terra,MODIS,59,6.03,290.5,9.1,N,0
0.3687,9.6111,304.5,1.4,1.2,2021-03-06,2135,Terra,MODIS,39,6.03,291.6,7.2,N,0
0.3793,9.6096,306.3,1.4,1.2,2021-03-06,2135,Terra,MODIS,68,6.03,291.5,9.4,N,0
0.3166,10.8229,306.5,1.2,1.1,2021-03-07,0956,Terra,MODIS,51,6.03,291.9,4.4,D,0
-1.8134,14.3815,320.1,1.4,1.2,2021-03-07,1253,Aqua,MODIS,55,6.03,295.5,14.4,D,0
-1.8117,14.3936,323.7,1.4,1.2,2021-03-07,1253,Aqua,MODIS,75,6.03,294.6,19.9,D,0
-1.817,14.3999,320.4,1.4,1.2,2021-03-07,1253,Aqua,MODIS,36,6.03,295.6,12.6,D,0
2.2787,11.5321,324,1.1,1,2021-03-07,1254,Aqua,MODIS,78,6.03,296.5,17.3,D,0
1.9357,11.9591,320.8,1.1,1.1,2021-03-07,1254,Aqua,MODIS,74,6.03,297.6,14.1,D,0
1.77,11.4384,310.6,1.1,1,2021-03-07,1254,Aqua,MODIS,40,6.03,293.6,4.1,D,0
0.377,9.6139,319,1,1,2021-03-07,1254,Aqua,MODIS,54,6.03,300.6,8.4,D,0
0.368,9.6152,318.4,1,1,2021-03-07,1254,Aqua,MODIS,47,6.03,298.8,7.8,D,0
0.3792,9.6066,309.3,2.4,1.5,2021-03-07,2218,Terra,MODIS,77,6.03,291.1,28.5,N,0
0.3717,9.6132,313.5,2.4,1.5,2021-03-07,2218,Terra,MODIS,87,6.03,291.1,37.4,N,0
0.3823,9.6283,303,2.5,1.5,2021-03-07,2218,Terra,MODIS,53,6.03,290.9,14.4,N,0
-0.7431,12.9648,303,1.4,1.2,2021-03-08,2122,Terra,MODIS,53,6.03,291.7,6.1,N,0
-1.9557,9.8762,320.8,1,1,2021-03-09,0944,Terra,MODIS,48,6.03,279.7,15.7,D,2
-0.7471,12.9721,315.8,1,1,2021-03-09,1241,Aqua,MODIS,64,6.03,300,7,D,0
-1.5768,10.3823,319.3,1.3,1.1,2021-03-09,1241,Aqua,MODIS,73,6.03,298.5,14.6,D,0
-1.5112,10.4864,317.2,1.3,1.1,2021-03-09,1241,Aqua,MODIS,62,6.03,297.8,11.5,D,0
-0.7378,14.0669,314.3,1,1,2021-03-09,1241,Aqua,MODIS,50,6.03,294.5,5.8,D,0
-1.5095,10.4981,322,1.3,1.1,2021-03-09,1241,Aqua,MODIS,76,6.03,297.5,18.8,D,0
-0.2997,10.2463,317.2,1.3,1.1,2021-03-09,1241,Aqua,MODIS,69,6.03,293.8,15,D,0
-0.3014,10.2346,313.2,1.3,1.1,2021-03-09,1241,Aqua,MODIS,61,6.03,292.3,9.6,D,0
-0.7366,14.0759,313.5,1,1,2021-03-09,1241,Aqua,MODIS,42,6.03,296.1,5.1,D,0
0.2904,9.6827,314.6,1.4,1.2,2021-03-09,1241,Aqua,MODIS,62,6.03,294.8,10.7,D,0
0.2073,13.53,320.4,1,1,2021-03-09,1241,Aqua,MODIS,63,6.03,297.1,12.4,D,0
0.2942,9.6748,314.3,1.4,1.2,2021-03-09,1241,Aqua,MODIS,58,6.03,294.7,10.4,D,0
0.8663,11.5873,312.1,1.1,1,2021-03-09,1241,Aqua,MODIS,59,6.03,295.6,6.4,D,0
-0.3744,11.8507,315.4,1.1,1,2021-03-09,1241,Aqua,MODIS,65,6.03,296.5,8,D,0
1.9869,11.9535,316,1,1,2021-03-09,1242,Aqua,MODIS,67,6.03,293.8,9,D,0
1.8431,11.848,316.5,1,1,2021-03-09,1242,Aqua,MODIS,68,6.03,295.5,9.8,D,0
1.9271,11.601,321.5,1.1,1,2021-03-09,1242,Aqua,MODIS,75,6.03,294.1,14,D,0
1.8277,11.6114,312.5,1.1,1,2021-03-09,1242,Aqua,MODIS,38,6.03,295.3,6,D,0
1.0617,11.4683,318.4,1.1,1,2021-03-09,1242,Aqua,MODIS,72,6.03,296.9,12.2,D,0
2.212,11.3507,315.5,1.1,1,2021-03-09,1242,Aqua,MODIS,42,6.03,296.6,7.3,D,0
1.8264,11.6019,336.5,1.1,1,2021-03-09,1242,Aqua,MODIS,88,6.03,296.7,34.9,D,0
2.0171,11.9708,317.2,1,1,2021-03-09,1242,Aqua,MODIS,69,6.03,295.6,9.9,D,0
2.2145,11.7413,320.3,1,1,2021-03-09,1242,Aqua,MODIS,73,6.03,297,12.2,D,0
1.3722,11.3993,314.1,1.1,1,2021-03-09,1242,Aqua,MODIS,61,6.03,294.8,8.4,D,0
1.9336,11.5808,320.9,1.1,1,2021-03-09,1242,Aqua,MODIS,72,6.03,296.5,13.5,D,0
-0.6569,9.4736,305.3,1.1,1,2021-03-10,0103,Aqua,MODIS,64,6.03,289.5,6.6,N,0
-0.6555,9.4641,318.5,1.1,1,2021-03-10,0103,Aqua,MODIS,97,6.03,290.2,17.2,N,0
-2.8427,10.762,323.8,2.7,1.6,2021-03-10,1323,Aqua,MODIS,60,6.03,288.7,67,D,0
-2.839,10.786,313,2.7,1.6,2021-03-10,1323,Aqua,MODIS,61,6.03,287.5,25.5,D,0
-1.5233,9.9546,309.9,1,1,2021-03-12,0051,Aqua,MODIS,79,6.03,285.6,9.2,N,2
-1.5187,9.953,304.8,1.2,1.1,2021-03-13,2140,Terra,MODIS,59,6.03,289.1,5.4,N,2
-1.5284,9.9544,309.1,1.2,1.1,2021-03-13,2140,Terra,MODIS,77,6.03,289.8,9,N,2
-1.0429,14.3669,320.1,1,1,2021-03-18,1235,Aqua,MODIS,69,6.03,294.7,7.4,D,0
-0.7385,12.9633,311.9,1.1,1.1,2021-03-18,1235,Aqua,MODIS,59,6.03,291.9,6.7,D,0
-1.052,14.3682,325.6,1,1,2021-03-18,1235,Aqua,MODIS,78,6.03,296.2,12.7,D,0
-1.5127,13.2731,316.9,1.1,1.1,2021-03-18,1235,Aqua,MODIS,70,6.03,294.8,9,D,0
-1.5141,13.2634,313.5,1.1,1.1,2021-03-18,1235,Aqua,MODIS,46,6.03,293.8,5.5,D,0
1.9024,11.8006,308.4,1.2,1.1,2021-03-18,1236,Aqua,MODIS,57,6.03,291.1,6.2,D,0
-1.5192,9.9581,300.1,1,1,2021-03-19,0057,Aqua,MODIS,19,6.03,285.1,4.2,N,2
-2.0628,14.1368,316.2,2.2,1.4,2021-03-23,0956,Terra,MODIS,40,6.03,296,20.3,D,0
-1.9576,9.8686,312.7,1,1,2021-03-23,1253,Aqua,MODIS,32,6.03,294.1,5.9,D,2
-0.141,11.703,324.4,1,1,2021-03-23,1253,Aqua,MODIS,77,6.03,297.4,13.8,D,0
-1.797,9.8985,314.3,1,1,2021-03-23,1253,Aqua,MODIS,54,6.03,296.9,6.9,D,0
-1.5231,9.9524,325.7,1,1,2021-03-23,1253,Aqua,MODIS,80,6.03,297.2,17.8,D,2
-1.5186,9.9499,300.3,1.4,1.2,2021-03-25,2205,Terra,MODIS,4,6.03,283.3,7,N,2
-1.5291,9.9515,302.2,1.4,1.2,2021-03-25,2205,Terra,MODIS,36,6.03,282.6,8.9,N,2
-1.5253,9.9511,300.6,1.1,1.1,2021-03-26,0103,Aqua,MODIS,31,6.03,286,4.5,N,2
-1.9562,9.8804,301,1.1,1.1,2021-03-26,0103,Aqua,MODIS,37,6.03,289.3,4.7,N,2
-2.3569,14.0148,322.5,1.3,1.1,2021-03-27,1228,Aqua,MODIS,77,6.03,300.6,15.6,D,0
1.2783,13.3757,311.7,1.2,1.1,2021-03-27,1229,Aqua,MODIS,62,6.03,290.4,9.1,D,0
-1.5219,9.952,308.4,1,1,2021-03-27,2152,Terra,MODIS,74,6.03,290.4,7.7,N,2
-1.7953,9.8949,303.4,1,1,2021-03-28,0051,Aqua,MODIS,55,6.03,291.6,4.7,N,0
-1.7967,9.9039,305.2,1,1,2021-03-28,0051,Aqua,MODIS,63,6.03,291.7,5.8,N,0
-1.5177,9.9529,304.6,1,1,2021-03-28,0051,Aqua,MODIS,61,6.03,291.7,5.4,N,2
-1.5234,9.9505,307.1,1.2,1.1,2021-03-29,2140,Terra,MODIS,70,6.03,288.8,8.6,N,2
-1.5263,9.9534,319.4,1,1,2021-03-30,1259,Aqua,MODIS,72,6.03,296.6,10.3,D,2
-0.7439,12.9649,314.7,1.5,1.2,2021-03-30,1259,Aqua,MODIS,61,6.03,295.5,10.6,D,0
-1.8646,10.9822,318.8,1.1,1,2021-03-30,1259,Aqua,MODIS,72,6.03,296.8,8.5,D,0
-1.9632,14.0657,317.1,1.7,1.3,2021-04-01,0950,Terra,MODIS,61,6.03,298.6,15.9,D,0
-1.8194,10.9404,318.4,1.1,1,2021-04-01,0950,Terra,MODIS,73,6.03,297.5,10,D,0
-1.1324,12.4662,310.6,1.3,1.1,2021-04-01,0950,Terra,MODIS,54,6.03,295,6.5,D,2
-1.9616,9.8711,316.4,1.2,1.1,2021-04-01,1247,Aqua,MODIS,66,6.03,296.5,10.4,D,2
-1.9897,11.0873,324.7,1,1,2021-04-01,1247,Aqua,MODIS,78,6.03,299.7,15.1,D,0
2.2492,12.0925,328.8,1,1,2021-04-01,1248,Aqua,MODIS,82,6.03,297.4,21.5,D,0
1.5639,11.5347,310.9,1.3,1.1,2021-04-03,1236,Aqua,MODIS,68,6.03,288.4,9,D,0
-1.6715,13.5254,315.5,1.1,1.1,2021-04-05,0925,Terra,MODIS,63,6.03,297.1,7.5,D,0
-1.273,14.2625,324.7,1.1,1,2021-04-05,0925,Terra,MODIS,66,6.03,301.6,11.8,D,0
-1.6809,13.524,325.6,1.1,1.1,2021-04-05,0925,Terra,MODIS,79,6.03,296.3,19.3,D,0
-1.6795,13.5141,320.4,1.1,1.1,2021-04-05,0925,Terra,MODIS,73,6.03,296.5,12.7,D,0
-1.2808,14.2518,322.4,1.1,1,2021-04-05,0925,Terra,MODIS,59,6.03,302.6,8.6,D,0
-0.942,14.3254,326.2,1.1,1,2021-04-05,0925,Terra,MODIS,77,6.03,299.1,15.3,D,0
-1.4506,14.3355,325.1,1,1,2021-04-05,0925,Terra,MODIS,75,6.03,299,12.7,D,0
-0.6192,14.4439,328.1,1,1,2021-04-05,0925,Terra,MODIS,79,6.03,300.8,17.1,D,0
-1.8348,14.0889,323.7,1.6,1.2,2021-04-05,1222,Aqua,MODIS,76,6.03,296,25,D,0
-1.4098,14.3346,326.7,1.5,1.2,2021-04-05,1222,Aqua,MODIS,79,6.03,300.3,23.2,D,0
-1.8049,14.1406,327.1,1.5,1.2,2021-04-05,1222,Aqua,MODIS,68,6.03,299.2,30.5,D,0
-1.8029,14.1546,333.4,1.5,1.2,2021-04-05,1222,Aqua,MODIS,85,6.03,300,44.9,D,0
-1.8139,14.1561,335.4,1.5,1.2,2021-04-05,1222,Aqua,MODIS,86,6.03,299.9,53,D,0
-1.4079,14.3479,334.8,1.5,1.2,2021-04-05,1222,Aqua,MODIS,86,6.03,301.4,41.3,D,0
-1.01,14.3331,333.6,1.5,1.2,2021-04-05,1222,Aqua,MODIS,85,6.03,300.3,37.2,D,0
-1.8362,14.0958,324.6,1.6,1.2,2021-04-05,1222,Aqua,MODIS,60,6.03,296.2,27.3,D,0
-0.8911,14.2975,342.4,1.5,1.2,2021-04-05,1223,Aqua,MODIS,91,6.03,301.4,63.1,D,0
-0.9426,14.3184,327.7,1.5,1.2,2021-04-05,1223,Aqua,MODIS,67,6.03,301.9,26.9,D,0
-0.8851,14.3033,325.7,1.5,1.2,2021-04-05,1223,Aqua,MODIS,58,6.03,300.7,19.6,D,0
-0.6299,14.4237,322.9,1.4,1.2,2021-04-05,1223,Aqua,MODIS,69,6.03,301.8,18,D,0
-0.8958,14.3049,328.5,1.5,1.2,2021-04-05,1223,Aqua,MODIS,71,6.03,301.5,26.5,D,0
-0.8893,14.3105,324.7,1.5,1.2,2021-04-05,1223,Aqua,MODIS,52,6.03,301.3,18.5,D,0
-1.5216,9.9529,311.2,1.4,1.2,2021-04-07,2134,Terra,MODIS,82,6.03,291.3,14.5,N,2
-0.8243,14.3192,303.6,1,1,2021-04-07,2134,Terra,MODIS,53,6.03,293.3,3.7,N,0
-0.7403,12.967,310.6,1,1,2021-04-07,2134,Terra,MODIS,79,6.03,292.9,8.5,N,0
-2.7262,11.4383,311.5,1,1,2021-04-08,1253,Aqua,MODIS,56,6.03,287.8,5.1,D,0
-1.815,10.8661,315.9,1,1,2021-04-08,1253,Aqua,MODIS,60,6.03,295.3,5.6,D,0
-3.2381,10.5603,314,1,1,2021-04-08,1253,Aqua,MODIS,68,6.03,289.2,7.3,D,0
-1.5306,14.4078,334.7,1.4,1.2,2021-04-08,1253,Aqua,MODIS,64,6.03,296.8,34.6,D,0
-2.7172,11.437,312.5,1,1,2021-04-08,1253,Aqua,MODIS,61,6.03,288.6,5.6,D,0
-0.865,14.1174,319.4,1.4,1.2,2021-04-08,1253,Aqua,MODIS,61,6.03,293.4,13.4,D,0
-3.1976,11.2999,310.1,1,1,2021-04-08,1253,Aqua,MODIS,58,6.03,286.7,4.7,D,0
-0.9757,14.0662,320.4,1.3,1.1,2021-04-08,1253,Aqua,MODIS,45,6.03,295.4,13,D,0
-1.5214,9.9498,313.1,1,1,2021-04-10,0944,Terra,MODIS,60,6.03,291.3,6.2,D,2
-1.6272,13.6796,311.5,1.2,1.1,2021-04-10,0944,Terra,MODIS,52,6.03,291.3,6.6,D,0
-1.5228,9.9589,313.5,1,1,2021-04-10,0944,Terra,MODIS,62,6.03,291.4,6.6,D,2
-1.6256,13.6688,313.8,1.2,1.1,2021-04-10,0944,Terra,MODIS,62,6.03,292.5,8.6,D,0
-1.7151,13.3537,317.3,1,1,2021-04-10,1241,Aqua,MODIS,70,6.03,297.1,8.8,D,0
-1.5306,9.9503,315.4,1.4,1.2,2021-04-10,1241,Aqua,MODIS,70,6.03,287.9,15.3,D,2
-1.5849,14.0083,320.1,1,1,2021-04-10,1241,Aqua,MODIS,35,6.03,294,10.6,D,0
1.1388,11.6947,314.8,1.1,1,2021-04-10,1242,Aqua,MODIS,53,6.03,293,9.2,D,0
1.1375,11.6852,318.1,1.1,1,2021-04-10,1242,Aqua,MODIS,68,6.03,291.5,12.1,D,0
-1.4165,14.3676,307.6,2,1.4,2021-04-11,2109,Terra,MODIS,72,6.03,289.2,20.1,N,0
-1.6556,13.4886,314.5,1,1,2021-04-12,0931,Terra,MODIS,54,6.03,294.4,6,D,0
-1.5859,14.3293,335.5,1,1,2021-04-12,0931,Terra,MODIS,73,6.03,304,22.2,D,0
-1.6673,13.3797,329.8,1,1,2021-04-12,0931,Terra,MODIS,82,6.03,293.8,22.5,D,0
-1.523,9.9542,321.1,1.5,1.2,2021-04-12,0932,Terra,MODIS,74,6.03,292.8,21.9,D,2
-1.5132,14.3601,334.8,1.2,1.1,2021-04-12,1228,Aqua,MODIS,75,6.03,297.2,33.7,D,0
-1.0435,14.2953,330.2,1.2,1.1,2021-04-12,1229,Aqua,MODIS,37,6.03,309.6,21.8,D,0
-1.2647,14.2426,322.5,1.2,1.1,2021-04-12,1229,Aqua,MODIS,48,6.03,296.1,12.7,D,0
-0.8669,12.6665,308.9,1.5,1.2,2021-04-12,1229,Aqua,MODIS,42,6.03,291,8.1,D,0
-1.4799,14.3345,325.6,1.9,1.4,2021-04-14,1216,Aqua,MODIS,61,6.03,294.5,38.2,D,0
-1.6554,14.389,321.2,1.9,1.4,2021-04-14,1216,Aqua,MODIS,47,6.03,292.2,23.4,D,0
-1.2757,14.3973,321.1,1.9,1.3,2021-04-14,1216,Aqua,MODIS,60,6.03,292,24.9,D,0
-0.737,12.967,308.7,1,1,2021-04-14,2140,Terra,MODIS,75,6.03,289.2,7.7,N,0
-1.1808,14.0045,313.2,1.7,1.3,2021-04-15,1259,Aqua,MODIS,32,6.03,290.8,9.1,D,0
-1.3371,14.4127,334.3,1.8,1.3,2021-04-15,1259,Aqua,MODIS,82,6.03,295.9,50.6,D,0
-1.2897,14.1359,324.9,1.7,1.3,2021-04-15,1259,Aqua,MODIS,31,6.03,296.3,23.7,D,0
-1.3419,14.4065,329.2,1.8,1.3,2021-04-15,1259,Aqua,MODIS,58,6.03,296.1,35.1,D,0
-1.9614,9.8708,312.8,1,1,2021-04-15,1259,Aqua,MODIS,59,6.03,289.7,5.9,D,2
-0.9768,14.3116,326.7,1.8,1.3,2021-04-15,1259,Aqua,MODIS,78,6.03,299.5,28.1,D,0
-1.5226,14.2546,314.3,2,1.4,2021-04-16,0907,Terra,MODIS,50,6.03,282.7,11.3,D,0
-1.8675,14.3629,325.3,2,1.4,2021-04-16,0907,Terra,MODIS,79,6.03,288.1,39.2,D,0
-1.8702,14.3802,328.1,2,1.4,2021-04-16,0907,Terra,MODIS,81,6.03,291,46.7,D,0
-0.9388,14.2845,322.4,2.1,1.4,2021-04-16,0907,Terra,MODIS,79,6.03,279.7,38.4,D,0
-1.3172,14.1572,311.5,3.5,1.8,2021-04-16,1204,Aqua,MODIS,0,6.03,274.1,35.3,D,0
-1.4253,14.145,314.6,3.5,1.8,2021-04-16,1204,Aqua,MODIS,68,6.03,280.2,38.9,D,0
-0.8964,14.426,329.1,1.7,1.3,2021-04-17,0949,Terra,MODIS,64,6.03,289.4,43.6,D,0
-1.7293,10.8122,312.4,1.1,1,2021-04-17,0950,Terra,MODIS,53,6.03,295.9,5.9,D,0
-0.4778,9.502,317.2,1,1,2021-04-17,0950,Terra,MODIS,65,6.03,301.3,7.8,D,0
-1.5202,9.9496,312.3,1,1,2021-04-17,0950,Terra,MODIS,60,6.03,296.3,6,D,2
-1.9606,9.8746,315.9,1,1,2021-04-17,0950,Terra,MODIS,68,6.03,296.3,8.5,D,2
-2.9249,11.0048,311.3,1.1,1,2021-04-17,0950,Terra,MODIS,14,6.03,296.4,6.4,D,2
-1.5215,9.9586,314.6,1,1,2021-04-17,0950,Terra,MODIS,66,6.03,296.2,7.8,D,2
-2.9235,10.995,311.5,1.1,1,2021-04-17,0950,Terra,MODIS,21,6.03,296.5,6.4,D,2
-1.9605,9.8727,321.6,1.2,1.1,2021-04-17,1247,Aqua,MODIS,74,6.03,297.3,15.9,D,2
-2.2068,11.2329,314,1,1,2021-04-17,1247,Aqua,MODIS,63,6.03,297,5.2,D,0
-1.5929,9.9709,313.3,1.1,1.1,2021-04-17,1247,Aqua,MODIS,59,6.03,295.1,6.3,D,0
-2.2801,11.1639,317,1,1,2021-04-17,1247,Aqua,MODIS,67,6.03,297.2,7.4,D,0
-1.7335,10.8139,319.2,1.1,1,2021-04-17,1247,Aqua,MODIS,72,6.03,298.7,10.5,D,0
-0.8844,14.4121,329.6,1.1,1.1,2021-04-17,1247,Aqua,MODIS,48,6.03,297.8,16.6,D,0
-0.6276,14.284,341.6,1.1,1.1,2021-04-17,1247,Aqua,MODIS,90,6.03,305.7,36.2,D,0
-0.6261,14.2942,332.3,1.1,1.1,2021-04-17,1247,Aqua,MODIS,64,6.03,302.4,18.6,D,0
-1.9635,11.0657,328.3,1,1,2021-04-17,1247,Aqua,MODIS,82,6.03,298.5,19.9,D,0
-2.4364,11.2818,309.2,2.3,1.5,2021-04-20,1317,Aqua,MODIS,57,6.03,286.6,12.6,D,0
-2.4325,11.2864,309.8,2.3,1.5,2021-04-20,1317,Aqua,MODIS,57,6.03,286.8,13.7,D,0
-1.6706,14.1902,308.4,1.5,1.2,2021-04-21,1222,Aqua,MODIS,15,6.03,278.8,9.8,D,0
-1.2888,14.1391,320.7,2.3,1.5,2021-04-22,1305,Aqua,MODIS,48,6.03,297.5,25.4,D,0
-1.5947,9.9729,313.6,1.2,1.1,2021-04-22,1305,Aqua,MODIS,62,6.03,291.1,6.4,D,0
-0.8597,9.4603,309,1.1,1.1,2021-04-22,1306,Aqua,MODIS,26,6.03,275.8,5.4,D,0
-1.588,9.978,301.2,1.8,1.3,2021-04-25,0115,Aqua,MODIS,39,6.03,291.2,7.5,N,0
0.5396,11.473,306,1.7,1.3,2021-04-25,2122,Terra,MODIS,66,6.03,290.7,13.3,N,0
0.5295,11.4643,330.4,1.8,1.3,2021-04-25,2122,Terra,MODIS,100,6.03,291.2,65.2,N,0
0.5273,11.4491,302.6,1.8,1.3,2021-04-25,2122,Terra,MODIS,50,6.03,290.6,9.3,N,0
0.5373,11.4577,317.2,1.8,1.3,2021-04-25,2122,Terra,MODIS,95,6.03,290.7,32.2,N,2
0.5412,11.4699,311.6,2.7,1.6,2021-04-26,0020,Aqua,MODIS,83,6.03,286.5,48.2,N,0
-1.7574,14.075,316.3,1.3,1.1,2021-04-26,0943,Terra,MODIS,29,6.03,294.2,6.8,D,0
0.5314,11.4663,350.6,1,1,2021-04-26,0943,Terra,MODIS,96,6.03,294,58.3,D,0
-0.8592,12.6602,313.5,1.1,1,2021-04-26,0943,Terra,MODIS,54,6.03,296,7.6,D,0
-0.4967,14.3986,311.9,1.3,1.1,2021-04-26,0943,Terra,MODIS,44,6.03,292.8,7.7,D,0
0.5327,11.4574,311.4,1,1,2021-04-26,0943,Terra,MODIS,55,6.03,293.3,4.9,D,2
-0.7036,14.2049,319.1,1.3,1.1,2021-04-26,0943,Terra,MODIS,54,6.03,300.6,11.6,D,0
-0.8606,12.6697,312.7,1.1,1,2021-04-26,0943,Terra,MODIS,60,6.03,295.2,7,D,0
-3.2508,10.6248,309.7,1,1,2021-04-26,0944,Terra,MODIS,53,6.03,291.1,4,D,0
-1.5219,9.9574,312.8,1,1,2021-04-26,0944,Terra,MODIS,59,6.03,292.8,6.2,D,2
-3.2495,10.6159,310.7,1,1,2021-04-26,0944,Terra,MODIS,55,6.03,292.6,4.5,D,0
0.5268,11.4593,330,1.1,1,2021-04-26,1241,Aqua,MODIS,84,6.03,292.2,27.9,D,2
-1.965,9.8773,314.1,1.5,1.2,2021-04-26,1241,Aqua,MODIS,68,6.03,289.5,13.6,D,2
-1.528,9.9557,311.2,1.4,1.2,2021-04-26,1241,Aqua,MODIS,60,6.03,290.6,9.4,D,2
-0.8652,12.6571,313.4,1,1,2021-04-26,1241,Aqua,MODIS,53,6.03,297.1,5.7,D,0
-0.8638,12.6663,314.6,1,1,2021-04-26,1241,Aqua,MODIS,60,6.03,296.6,6.7,D,0
-1.9668,9.8643,308.6,1.5,1.2,2021-04-26,1241,Aqua,MODIS,39,6.03,289.1,6.7,D,2
0.5282,11.469,323.9,1.1,1,2021-04-26,1241,Aqua,MODIS,80,6.03,293.4,19.6,D,0
-0.7476,12.9678,315.5,1,1,2021-04-26,1241,Aqua,MODIS,61,6.03,298.4,6.8,D,0
-1.9581,9.8685,300.3,1.4,1.2,2021-04-26,2204,Terra,MODIS,25,6.03,286.4,4.4,N,2
-0.7684,14.39,314.8,1,1,2021-04-28,0931,Terra,MODIS,32,6.03,290.3,7.1,D,0
-1.2372,14.3834,322.4,1,1,2021-04-28,0931,Terra,MODIS,75,6.03,291.9,11.7,D,0
-1.1209,14.4059,321.6,1,1,2021-04-28,0931,Terra,MODIS,67,6.03,293.1,12.5,D,0
-1.2359,14.3745,319.3,1,1,2021-04-28,0931,Terra,MODIS,63,6.03,291,8.9,D,0
-1.6932,14.4147,323.9,1,1,2021-04-28,0931,Terra,MODIS,78,6.03,293.7,12.3,D,0
-1.2095,13.9657,305.7,1.2,1.1,2021-04-28,1228,Aqua,MODIS,34,6.03,281,5,D,0
0.5268,11.4595,320,1.7,1.3,2021-04-28,1229,Aqua,MODIS,69,6.03,285.2,34.5,D,2
-1.5252,9.9544,305,1,1,2021-04-28,2152,Terra,MODIS,62,6.03,275.6,7.3,N,2
0.5274,11.4607,313.1,1.2,1.1,2021-04-28,2152,Terra,MODIS,86,6.03,289.3,14.1,N,2
0.5372,11.4592,306,1.2,1.1,2021-04-28,2152,Terra,MODIS,66,6.03,289.1,8,N,2
0.529,11.4714,303.5,1.2,1.1,2021-04-28,2152,Terra,MODIS,55,6.03,289.2,5.6,N,0
-1.5202,9.9607,300.1,1,1,2021-04-29,0051,Aqua,MODIS,11,6.03,285.2,4.1,N,2
-1.5277,9.9491,316.1,1.4,1.2,2021-04-29,1311,Aqua,MODIS,67,6.03,294.9,12.8,D,2
0.5282,11.4576,302.6,3,1.7,2021-04-30,1217,Aqua,MODIS,53,6.03,277.3,18.2,D,2
0.5279,11.4641,302.3,3,1.7,2021-04-30,1217,Aqua,MODIS,51,6.03,276.7,16.7,D,0
-1.5207,9.9504,302.6,1.9,1.3,2021-05-02,2127,Terra,MODIS,50,6.03,283.2,12.5,N,2
-1.9587,9.8743,321.5,1.2,1.1,2021-05-03,1247,Aqua,MODIS,80,6.03,293.8,18.6,D,2
-1.8272,11.0414,302.5,1,1,2021-05-03,1247,Aqua,MODIS,26,6.03,272.2,4.1,D,0
-0.8586,12.6674,308.7,1,1,2021-05-05,0937,Terra,MODIS,38,6.03,281.5,5.9,D,0
-0.678,14.3749,318.2,1.1,1,2021-05-07,0925,Terra,MODIS,75,6.03,279.6,10.9,D,0
-0.6787,14.3714,314.2,2.5,1.5,2021-05-09,1210,Aqua,MODIS,49,6.03,294.6,26.7,D,0
-1.5214,9.9481,302.1,1.4,1.2,2021-05-09,2133,Terra,MODIS,47,6.03,290.5,6,N,2
0.5326,11.4627,301.4,1.1,1.1,2021-05-09,2134,Terra,MODIS,41,6.03,290.6,3.9,N,2
-1.5895,9.976,314.5,1.1,1.1,2021-05-10,0956,Terra,MODIS,69,6.03,292.8,9.7,D,0
-2.4372,11.3493,311,1,1,2021-05-10,1253,Aqua,MODIS,61,6.03,287.4,5.8,D,0
-1.9474,11.1052,305.4,1,1,2021-05-10,1253,Aqua,MODIS,0,6.03,281.7,3.6,D,0
-1.5236,9.95,315.7,1,1,2021-05-10,1253,Aqua,MODIS,71,6.03,294.4,8.4,D,2
-2.1815,11.3301,313.2,1,1,2021-05-10,1253,Aqua,MODIS,66,6.03,295.5,6.1,D,0
-1.5931,9.9749,313.9,1,1,2021-05-10,1253,Aqua,MODIS,68,6.03,296,6.9,D,0
-0.7424,12.9677,302.8,1.4,1.2,2021-05-11,2121,Terra,MODIS,52,6.03,290.6,6.6,N,0
0.5316,11.4653,315.7,1,1,2021-05-12,0943,Terra,MODIS,71,6.03,294.9,9.9,D,0
-1.2363,13.9657,314.8,1.3,1.1,2021-05-12,0943,Terra,MODIS,38,6.03,294.4,10.8,D,0
-1.5302,9.9523,314.2,1.4,1.2,2021-05-12,1241,Aqua,MODIS,68,6.03,295.6,11.3,D,2
0.3716,11.4612,309.2,1.1,1,2021-05-12,1241,Aqua,MODIS,59,6.03,293.7,5.3,D,0
0.3967,9.457,308,2.5,1.5,2021-05-14,1229,Aqua,MODIS,0,6.03,289.5,17.7,D,2
-1.9573,9.8713,328.4,1,1,2021-05-14,2152,Terra,MODIS,100,6.03,294.3,25.5,N,2
0.2312,11.9235,300.6,1.3,1.1,2021-05-14,2152,Terra,MODIS,30,6.03,290.2,4.4,N,0
-1.956,9.8802,307.9,1,1,2021-05-14,2152,Terra,MODIS,73,6.03,294,6.3,N,2
-1.5192,9.9598,306.7,1,1,2021-05-15,0051,Aqua,MODIS,69,6.03,292.8,6.2,N,2
-2.2181,11.1397,307.6,1,1,2021-05-15,0051,Aqua,MODIS,72,6.03,292.7,6.6,N,0
-1.5178,9.9507,303.1,1,1,2021-05-15,0051,Aqua,MODIS,53,6.03,292.8,4,N,2
-2.2168,11.1307,319.2,1,1,2021-05-15,0051,Aqua,MODIS,98,6.03,292.8,15.9,N,0
-2.2254,11.127,319.4,1.7,1.3,2021-05-15,1311,Aqua,MODIS,73,6.03,294.9,21.5,D,0
-1.6585,10.3866,314.8,1.5,1.2,2021-05-15,1311,Aqua,MODIS,64,6.03,295.2,11.2,D,0
-0.7426,12.9685,313.7,1.3,1.1,2021-05-19,0949,Terra,MODIS,66,6.03,291.7,11.8,D,0
-0.8615,12.6672,311.6,1.3,1.1,2021-05-19,0949,Terra,MODIS,47,6.03,293.3,9.5,D,0
-1.8138,14.3831,331.5,1.1,1.1,2021-05-19,1247,Aqua,MODIS,83,6.03,301.3,24.5,D,0
-1.9256,14.3507,318.9,1.1,1.1,2021-05-19,1247,Aqua,MODIS,56,6.03,301.4,8.6,D,0
-1.7572,14.375,322.9,1.1,1.1,2021-05-19,1247,Aqua,MODIS,41,6.03,301.3,13.8,D,0
-1.6467,13.6803,320.3,1.1,1,2021-05-19,1247,Aqua,MODIS,72,6.03,298.2,12.8,D,0
-1.8233,14.3845,319.1,1.1,1.1,2021-05-19,1247,Aqua,MODIS,56,6.03,298.2,9.3,D,0
-1.911,14.3418,333,1.1,1.1,2021-05-19,1247,Aqua,MODIS,85,6.03,300.7,28.7,D,0
-1.5239,9.9551,308.4,1,1,2021-05-22,0057,Aqua,MODIS,74,6.03,282.5,9.1,N,2
-2.5051,11.5113,310.6,2.4,1.5,2021-05-22,1317,Aqua,MODIS,60,6.03,291.5,16,D,0
-1.5446,14.0961,315,1.5,1.2,2021-05-23,1222,Aqua,MODIS,68,6.03,294,12.1,D,0
-1.5336,14.0943,318.9,1.5,1.2,2021-05-23,1222,Aqua,MODIS,74,6.03,294.1,18.9,D,0
-1.7972,9.8964,304.8,1,1,2021-05-23,2145,Terra,MODIS,61,6.03,292.3,4.6,N,0
-1.9564,9.8753,302.9,1,1,2021-05-23,2145,Terra,MODIS,52,6.03,292.2,3.5,N,2
0.3711,9.6159,310.8,1,1,2021-05-23,2146,Terra,MODIS,81,6.03,291.9,8.4,N,0
0.3801,9.6146,314.5,1,1,2021-05-23,2146,Terra,MODIS,89,6.03,291.8,11.4,N,0
0.3747,9.6186,303.6,1.3,1.1,2021-05-24,0044,Aqua,MODIS,56,6.03,289.8,8,N,0
-2.4441,11.4128,316.8,1.4,1.2,2021-05-24,1305,Aqua,MODIS,70,6.03,295.3,13.2,D,0
-2.4459,11.4006,323.2,1.4,1.2,2021-05-24,1305,Aqua,MODIS,78,6.03,294.7,23.3,D,0
-1.5888,9.9755,310.5,1.2,1.1,2021-05-24,1305,Aqua,MODIS,58,6.03,293.5,5.3,D,0
-2.8814,11.5708,314.9,1.4,1.2,2021-05-24,1305,Aqua,MODIS,67,6.03,294.7,12.4,D,0
-1.9611,9.8776,311.2,1.1,1.1,2021-05-24,1305,Aqua,MODIS,31,6.03,292.5,5.6,D,2
0.3725,9.6092,319.1,1.2,1.1,2021-05-24,1306,Aqua,MODIS,59,6.03,297.1,10.3,D,0
0.3739,9.6196,318.5,1.2,1.1,2021-05-24,1306,Aqua,MODIS,49,6.03,298.4,10.2,D,0
0.369,9.6163,322.2,1.2,1.1,2021-05-24,1306,Aqua,MODIS,58,6.03,297.8,13.7,D,0
-1.6562,14.2218,315.7,1.6,1.2,2021-05-25,0912,Terra,MODIS,49,6.03,297.8,11,D,0
-0.9492,14.0579,310.5,2.7,1.6,2021-05-25,1210,Aqua,MODIS,51,6.03,293.5,22.7,D,0
-1.6151,14.0053,310.1,2.8,1.6,2021-05-25,1210,Aqua,MODIS,23,6.03,289.7,24.9,D,0
-1.5524,13.3529,311.9,1.2,1.1,2021-05-26,1253,Aqua,MODIS,59,6.03,294.1,6.6,D,0
-1.5561,13.4467,316.1,1,1,2021-05-28,1241,Aqua,MODIS,68,6.03,297.9,8.7,D,0
-0.741,12.9667,315.2,1,1,2021-05-28,1241,Aqua,MODIS,69,6.03,295.4,9.1,D,0
-1.9582,9.8699,302.2,1.4,1.2,2021-05-28,2204,Terra,MODIS,48,6.03,291,5.3,N,2
-1.5229,9.953,300.7,1,1,2021-05-31,0051,Aqua,MODIS,33,6.03,278.9,4.8,N,2
-2.666,10.7607,316.5,1.6,1.2,2021-05-31,1311,Aqua,MODIS,72,6.03,290.5,18,D,0
-2.6831,10.1594,313.9,1.4,1.2,2021-05-31,1311,Aqua,MODIS,51,6.03,290.4,12.2,D,0
-2.664,10.7747,313.9,1.6,1.2,2021-05-31,1311,Aqua,MODIS,68,6.03,290.9,13.7,D,0
-1.5204,9.9534,306.9,1.5,1.2,2021-06-02,0038,Aqua,MODIS,70,6.03,291.3,12.3,N,2
-1.525,9.9592,307.5,1.5,1.2,2021-06-02,0038,Aqua,MODIS,72,6.03,291.3,12.1,N,2
-1.5822,9.9771,301.7,1.4,1.2,2021-06-02,0038,Aqua,MODIS,44,6.03,291.4,6.4,N,0
-2.7879,11.5281,315,1.1,1.1,2021-06-02,1259,Aqua,MODIS,63,6.03,294.6,8.5,D,0
-3.2003,11.2916,312.9,1.1,1,2021-06-02,1259,Aqua,MODIS,35,6.03,295.6,5.4,D,0
-2.7894,11.518,316.1,1.1,1.1,2021-06-02,1259,Aqua,MODIS,52,6.03,297.3,10.1,D,0
-3.2521,11.4573,325.2,1.5,1.2,2021-06-03,2126,Terra,MODIS,100,6.03,292.8,43,N,0
-1.9647,9.8736,302.2,1.9,1.4,2021-06-03,2127,Terra,MODIS,47,6.03,292.1,8.9,N,2
-1.9561,9.878,307.8,1.9,1.4,2021-06-03,2127,Terra,MODIS,72,6.03,292.2,17.7,N,2
-1.9525,9.8718,303.3,1.9,1.4,2021-06-03,2127,Terra,MODIS,54,6.03,292.2,10.8,N,2
-1.7912,9.3329,310.8,1,1,2021-06-04,0949,Terra,MODIS,56,6.03,295.6,5,D,0
-1.5229,9.9513,312.2,1,1,2021-06-04,0949,Terra,MODIS,64,6.03,292.1,6.6,D,2
-1.5054,14.2964,320.5,1.1,1.1,2021-06-04,1247,Aqua,MODIS,71,6.03,297.1,12.4,D,0
-1.7442,13.5895,310.2,1,1,2021-06-04,1247,Aqua,MODIS,41,6.03,293,4.6,D,0
-0.7475,12.969,311.8,1,1,2021-06-04,1247,Aqua,MODIS,54,6.03,296.4,5.3,D,0
-1.9643,9.8738,320.2,1.2,1.1,2021-06-04,1247,Aqua,MODIS,76,6.03,291.4,16.9,D,2
-0.7385,12.9677,312,1,1,2021-06-04,1247,Aqua,MODIS,61,6.03,294.8,5.6,D,0
-1.5683,14.1431,315.3,1.1,1,2021-06-06,0937,Terra,MODIS,67,6.03,292.9,7.3,D,0
-1.2462,14.0233,317.8,1.1,1,2021-06-06,0937,Terra,MODIS,62,6.03,295.9,8.8,D,0
-2.6429,11.5485,314.4,1.5,1.2,2021-06-06,1234,Aqua,MODIS,70,6.03,292.6,13.7,D,0
-2.6447,11.5355,312.1,1.5,1.2,2021-06-06,1234,Aqua,MODIS,66,6.03,291.3,10.2,D,0
-2.6497,11.5429,312.8,1.5,1.2,2021-06-06,1234,Aqua,MODIS,67,6.03,292.2,11.5,D,0
-2.639,11.5414,313.4,1.5,1.2,2021-06-06,1234,Aqua,MODIS,68,6.03,293,12,D,0
-0.5491,14.4212,330.3,1,1,2021-06-06,1235,Aqua,MODIS,80,6.03,292.4,25.1,D,0
-0.5478,14.4302,309.4,1,1,2021-06-06,1235,Aqua,MODIS,21,6.03,289.4,4.5,D,0
-0.5401,14.4199,308.5,1,1,2021-06-06,1235,Aqua,MODIS,15,6.03,289.2,4.1,D,0
-1.5224,9.9487,304.2,1.1,1.1,2021-06-06,2157,Terra,MODIS,59,6.03,291.4,5.1,N,2
-1.5206,9.9533,308.7,1,1,2021-06-07,0057,Aqua,MODIS,75,6.03,290.8,8.1,N,2
-1.5887,9.9746,303.7,1,1,2021-06-07,0057,Aqua,MODIS,56,6.03,289.2,5,N,0
-1.6823,10.3959,311.1,2,1.4,2021-06-07,1317,Aqua,MODIS,56,6.03,293.3,14,D,0
-2.3741,11.3719,311.9,2.3,1.5,2021-06-07,1317,Aqua,MODIS,64,6.03,292.3,17.8,D,0
-1.6807,10.3902,311.5,2,1.4,2021-06-07,1317,Aqua,MODIS,64,6.03,293.4,16,D,0
-0.9645,9.0685,311.1,1.6,1.3,2021-06-07,1318,Aqua,MODIS,38,6.03,294.1,9.9,D,0
-1.5754,14.1125,309.2,2.7,1.6,2021-06-07,2102,Terra,MODIS,77,6.03,290.4,36.5,N,0
-0.5313,14.3403,321.7,1.1,1,2021-06-08,0924,Terra,MODIS,52,6.03,298.3,9.9,D,0
-1.3399,14.1395,320.5,1.1,1,2021-06-08,0924,Terra,MODIS,68,6.03,296.1,10.1,D,0
-0.5221,14.3416,323.6,1.1,1,2021-06-08,0924,Terra,MODIS,77,6.03,298.6,12.3,D,0
-0.8599,12.666,309.9,1.3,1.1,2021-06-08,0924,Terra,MODIS,33,6.03,294.9,6.4,D,0
-1.5759,14.0264,312.1,1.6,1.2,2021-06-08,1222,Aqua,MODIS,38,6.03,293.7,11.6,D,0
-0.8648,12.6689,310.8,1.9,1.4,2021-06-08,1222,Aqua,MODIS,46,6.03,295.5,15.1,D,0
-1.5225,9.956,301.8,1,1,2021-06-08,2145,Terra,MODIS,44,6.03,273.8,6.8,N,2
-1.9573,9.8749,315.1,1,1,2021-06-08,2145,Terra,MODIS,91,6.03,291.4,13.1,N,2
-1.9562,9.8765,303.1,1.2,1.1,2021-06-09,0045,Aqua,MODIS,53,6.03,284.9,6.4,N,2
-1.9607,9.8766,314.5,1.1,1.1,2021-06-09,1305,Aqua,MODIS,69,6.03,292.2,10.2,D,2
-2.2819,13.8937,318.7,2.1,1.4,2021-06-09,1305,Aqua,MODIS,73,6.03,293.3,33.3,D,0
-2.2823,13.8887,319.8,2.1,1.4,2021-06-09,1305,Aqua,MODIS,66,6.03,293.5,33.7,D,0
-1.4929,14.145,318.4,1.6,1.2,2021-06-10,0912,Terra,MODIS,59,6.03,298,13.5,D,0
-1.2617,14.0182,315.9,2.7,1.6,2021-06-10,1210,Aqua,MODIS,29,6.03,295.9,34.8,D,0
-1.9586,9.8733,309.6,1.5,1.2,2021-06-10,2133,Terra,MODIS,78,6.03,291,14.7,N,2
0.2247,11.9273,309,1.4,1.2,2021-06-11,0954,Terra,MODIS,51,6.03,292.1,7.6,D,0
-1.4744,14.0042,328.6,1.3,1.1,2021-06-11,1253,Aqua,MODIS,82,6.03,297.9,26.6,D,0
-0.0897,11.9815,309.4,1.1,1,2021-06-11,1253,Aqua,MODIS,43,6.03,293.9,4.6,D,0
-1.8277,14.1042,317.4,1.3,1.1,2021-06-11,1253,Aqua,MODIS,18,6.03,298.7,11.1,D,0
-1.8176,14.1028,316.7,1.3,1.1,2021-06-11,1253,Aqua,MODIS,48,6.03,295.9,10.6,D,0
-1.8192,14.0913,318.4,1.3,1.1,2021-06-11,1253,Aqua,MODIS,56,6.03,299.6,12.6,D,0
0.3798,9.598,315.5,1,1,2021-06-11,1254,Aqua,MODIS,57,6.03,296.7,6.4,D,0
-3.3725,11.687,307.9,1.2,1.1,2021-06-13,1240,Aqua,MODIS,63,6.03,288.4,4.9,D,0
0.3082,11.6597,309.3,1.1,1,2021-06-13,1241,Aqua,MODIS,60,6.03,286.9,7.5,D,0
-1.9546,9.8715,310.7,1.4,1.2,2021-06-13,2203,Terra,MODIS,81,6.03,287.4,15.4,N,2
-1.5226,9.9481,304.9,1.4,1.2,2021-06-13,2203,Terra,MODIS,62,6.03,287.5,9.1,N,2
-1.9549,9.8762,304.2,1.1,1.1,2021-06-14,0103,Aqua,MODIS,59,6.03,292.1,7.2,N,2
-2.4954,13.9874,325.3,1.3,1.1,2021-06-15,1228,Aqua,MODIS,82,6.03,288,27.3,D,0
-2.4938,13.999,321.5,1.3,1.1,2021-06-15,1228,Aqua,MODIS,79,6.03,289.6,21.2,D,0
-1.9634,9.8718,305.1,1,1,2021-06-15,2151,Terra,MODIS,49,6.03,292,6.7,N,2
-1.4398,12.5912,319.3,1.3,1.1,2021-06-15,2151,Terra,MODIS,98,6.03,290.1,24.8,N,0
-1.4381,12.6028,317.2,1.3,1.1,2021-06-15,2151,Terra,MODIS,95,6.03,291.2,22,N,0
-1.4408,12.5973,322.2,1.3,1.1,2021-06-15,2151,Terra,MODIS,100,6.03,290.9,29.2,N,0
-1.9544,9.8705,303.7,1,1,2021-06-15,2151,Terra,MODIS,40,6.03,290.7,6,N,2
-1.4331,12.6003,328.3,1.1,1,2021-06-16,0051,Aqua,MODIS,100,6.03,291.7,29.6,N,0
-1.4407,12.6034,316.6,1.1,1,2021-06-16,0051,Aqua,MODIS,93,6.03,291.4,16.8,N,0
-1.4393,12.5938,308.8,1.1,1,2021-06-16,0051,Aqua,MODIS,76,6.03,291.3,10,N,0
-2.8892,10.8578,320.1,2.9,1.6,2021-06-16,1014,Terra,MODIS,77,6.03,291.1,64.5,D,0
-2.7876,10.2139,312.4,2.6,1.6,2021-06-16,1014,Terra,MODIS,68,6.03,292.6,28.6,D,0
-2.8898,10.851,315.6,2.9,1.6,2021-06-16,1014,Terra,MODIS,72,6.03,291.5,48.1,D,0
-2.7824,10.2214,309.9,2.6,1.6,2021-06-16,1014,Terra,MODIS,58,6.03,292.4,21.4,D,0
-1.8174,14.1484,312.7,3,1.6,2021-06-16,1311,Aqua,MODIS,68,6.03,294,30.1,D,0
-1.2444,14.2184,313.1,3.1,1.7,2021-06-16,1311,Aqua,MODIS,64,6.03,293.6,28.9,D,0
-2.1738,11.2579,315,1.7,1.3,2021-06-16,1311,Aqua,MODIS,68,6.03,292.9,16.4,D,0
-2.1732,11.2488,318.5,1.7,1.3,2021-06-16,1311,Aqua,MODIS,58,6.03,296,20.9,D,0
-1.5255,9.9496,319.4,1.4,1.2,2021-06-16,1311,Aqua,MODIS,75,6.03,294.4,20.6,D,2
-2.3742,11.2907,313.8,1.7,1.3,2021-06-16,1311,Aqua,MODIS,69,6.03,295.9,14.7,D,0
-2.8736,10.8682,319.6,1.6,1.2,2021-06-16,1311,Aqua,MODIS,50,6.03,293.7,22.6,D,0
-2.8741,10.8625,316.2,1.6,1.2,2021-06-16,1311,Aqua,MODIS,58,6.03,292.8,18.8,D,0
-2.785,10.2082,320.2,1.4,1.2,2021-06-16,1311,Aqua,MODIS,54,6.03,298.6,20.1,D,0
-2.7907,10.2016,322.3,1.4,1.2,2021-06-16,1311,Aqua,MODIS,75,6.03,297.3,22.5,D,0
-1.8166,14.1534,311.5,3,1.6,2021-06-16,1311,Aqua,MODIS,53,6.03,293.9,24.9,D,0
-2.176,11.2425,315.4,1.7,1.3,2021-06-16,1311,Aqua,MODIS,61,6.03,296.4,16.3,D,0
-2.3671,11.4175,311,1.8,1.3,2021-06-16,1311,Aqua,MODIS,64,6.03,294.8,11.3,D,0
-0.6397,12.3476,302.7,1,1,2021-06-17,2139,Terra,MODIS,51,6.03,290.1,3.9,N,0
-1.5241,9.9547,308.2,1.5,1.2,2021-06-18,0038,Aqua,MODIS,74,6.03,290.5,12.9,N,2
-1.5241,9.9581,310.8,1.4,1.2,2021-06-18,1001,Terra,MODIS,59,6.03,291.7,9.2,D,2
-2.7965,10.2086,313.7,1.5,1.2,2021-06-18,1001,Terra,MODIS,37,6.03,292.1,14.4,D,0
-1.5267,9.951,309.5,1.4,1.2,2021-06-18,1001,Terra,MODIS,63,6.03,291.5,7.3,D,2
-3.5731,11.816,313,2,1.4,2021-06-18,1002,Terra,MODIS,68,6.03,292.1,22,D,0
-3.5702,11.8121,310.5,1.1,1.1,2021-06-18,1258,Aqua,MODIS,37,6.03,291.3,6.1,D,0
-3.5607,11.8108,327.6,1.1,1.1,2021-06-18,1258,Aqua,MODIS,78,6.03,290.1,25.1,D,0
-3.5622,11.8005,311.7,1.1,1.1,2021-06-18,1258,Aqua,MODIS,52,6.03,291.1,6.4,D,0
-2.8981,11.5716,314.6,1.1,1.1,2021-06-18,1259,Aqua,MODIS,65,6.03,295.4,9.2,D,0
-3.4485,11.5167,312.4,1.1,1,2021-06-18,1259,Aqua,MODIS,40,6.03,293.1,6,D,0
-3.4607,11.4983,336,1.1,1,2021-06-18,1259,Aqua,MODIS,88,6.03,296.2,36.2,D,0
-3.4593,11.5082,315.1,1.1,1,2021-06-18,1259,Aqua,MODIS,39,6.03,296.6,8.6,D,0
-2.4776,10.6568,323.6,1,1,2021-06-18,1259,Aqua,MODIS,79,6.03,297.5,15.5,D,0
-2.479,10.6475,319.1,1,1,2021-06-18,1259,Aqua,MODIS,65,6.03,296.4,10.7,D,0
-3.4074,11.4236,309.9,1.1,1,2021-06-18,1259,Aqua,MODIS,40,6.03,291.9,5.1,D,0
-3.4132,11.4311,315.8,1.1,1,2021-06-18,1259,Aqua,MODIS,58,6.03,295.3,9.4,D,0
-1.963,9.8766,312.9,1,1,2021-06-18,1259,Aqua,MODIS,70,6.03,295.9,6.8,D,2
-1.9506,9.8782,300.4,2.4,1.5,2021-06-19,0121,Aqua,MODIS,27,6.03,289.1,13.5,N,2
-1.6829,13.3772,311.7,2.4,1.5,2021-06-19,0906,Terra,MODIS,62,6.03,293.4,24.8,D,0
-1.6781,13.3723,313.2,2.4,1.5,2021-06-19,0906,Terra,MODIS,66,6.03,293.1,29.2,D,0
-1.6799,13.3568,308.3,2.4,1.5,2021-06-19,0906,Terra,MODIS,50,6.03,292.8,16.5,D,0
-0.8104,14.2866,316.4,3.4,1.7,2021-06-19,1204,Aqua,MODIS,71,6.03,290.8,44.7,D,0
-2.4746,10.6412,305,1.7,1.3,2021-06-19,2126,Terra,MODIS,63,6.03,290.8,12.7,N,0
-1.5282,9.9509,303.4,1.9,1.3,2021-06-19,2127,Terra,MODIS,55,6.03,290.9,10.6,N,2
-1.5163,9.96,303.1,2.5,1.5,2021-06-20,0026,Aqua,MODIS,53,6.03,290,20.6,N,2
-2.3258,14.1235,313,1.7,1.3,2021-06-20,0949,Terra,MODIS,63,6.03,294.1,13.3,D,0
-0.5622,14.3844,316.7,1.2,1.1,2021-06-20,1247,Aqua,MODIS,63,6.03,296.6,9.5,D,0
-1.7775,14.2503,313.9,1.1,1,2021-06-20,1247,Aqua,MODIS,35,6.03,290.4,7.9,D,0
-1.9844,14.0938,328.1,1.1,1,2021-06-20,1247,Aqua,MODIS,81,6.03,298.3,21.3,D,0
-1.983,14.1036,317.8,1.1,1,2021-06-20,1247,Aqua,MODIS,48,6.03,296.2,9.3,D,0
-1.0591,14.1274,322,1.1,1.1,2021-06-20,1247,Aqua,MODIS,70,6.03,298.3,13.2,D,0
-1.9937,14.0953,346,1.1,1,2021-06-20,1247,Aqua,MODIS,93,6.03,298.3,52.7,D,0
-1.0605,14.1175,319.8,1.1,1,2021-06-20,1247,Aqua,MODIS,53,6.03,298.7,11,D,0
-0.5718,14.3857,315.3,1.2,1.1,2021-06-20,1247,Aqua,MODIS,31,6.03,296.5,7,D,0
-3.3345,11.5185,301.4,1,1,2021-06-24,2144,Terra,MODIS,41,6.03,290.4,3.9,N,0
-3.3332,11.5274,304.4,1,1,2021-06-24,2144,Terra,MODIS,60,6.03,290.4,5.7,N,0
0.2285,11.9293,304.4,1.1,1,2021-06-24,2145,Terra,MODIS,60,6.03,290.2,6,N,0
0.5314,12.8715,300.9,1.2,1.1,2021-06-24,2145,Terra,MODIS,35,6.03,290.2,4.7,N,0
-0.7389,12.965,307.1,1.2,1.1,2021-06-24,2145,Terra,MODIS,70,6.03,291.2,8.3,N,0
-0.7435,12.9614,302.9,1.2,1.1,2021-06-24,2145,Terra,MODIS,52,6.03,291.2,4.6,N,0
-0.742,12.9718,305.5,1.2,1.1,2021-06-24,2145,Terra,MODIS,65,6.03,291.1,6.5,N,0
-0.7352,12.9701,302.2,1,1,2021-06-25,0044,Aqua,MODIS,48,6.03,291,4.7,N,0
0.2287,11.932,302.7,1,1,2021-06-25,0044,Aqua,MODIS,51,6.03,290.2,5,N,0
-1.6991,14.2209,321.9,2.3,1.5,2021-06-25,1305,Aqua,MODIS,66,6.03,293.3,40.3,D,0
-0.7447,12.9724,310.6,1.9,1.3,2021-06-25,1305,Aqua,MODIS,59,6.03,294.5,12.6,D,0
-1.686,14.2189,330.4,2.3,1.5,2021-06-25,1305,Aqua,MODIS,84,6.03,295.3,72.2,D,0
-2.9969,11.7691,312.8,1.4,1.2,2021-06-25,1305,Aqua,MODIS,64,6.03,295.6,8.4,D,0
-2.6708,11.5557,315.3,1.4,1.2,2021-06-25,1305,Aqua,MODIS,56,6.03,291.6,11.3,D,0
-1.4143,14.4135,315,2.5,1.5,2021-06-26,1210,Aqua,MODIS,51,6.03,292.2,30.3,D,0
-1.6532,14.2639,307.3,2.2,1.5,2021-06-27,0955,Terra,MODIS,44,6.03,285.2,11.7,D,0
-3.3519,11.5408,304.2,1.5,1.2,2021-06-27,0955,Terra,MODIS,49,6.03,279.3,7.3,D,0
-3.3538,11.554,308.3,1.5,1.2,2021-06-27,0955,Terra,MODIS,66,6.03,279.2,11.8,D,0
-1.7097,14.3786,308.4,2.3,1.5,2021-06-27,0955,Terra,MODIS,52,6.03,287.4,15,D,0
-2.5266,11.246,302.7,1.4,1.2,2021-06-27,0955,Terra,MODIS,42,6.03,281.6,6.1,D,0
-3.1556,11.3733,327.3,1,1,2021-06-27,1252,Aqua,MODIS,84,6.03,291.7,21.7,D,0
-3.4664,11.8372,310.8,1,1,2021-06-27,1252,Aqua,MODIS,59,6.03,284.8,7.1,D,0
-3.3432,11.5407,324.2,1,1,2021-06-27,1252,Aqua,MODIS,76,6.03,283.7,18.2,D,0
-3.3509,11.551,317.2,1,1,2021-06-27,1252,Aqua,MODIS,22,6.03,282,11.3,D,0
-3.1543,11.3823,322.3,1,1,2021-06-27,1252,Aqua,MODIS,80,6.03,286.8,16.3,D,0
-3.491,11.6659,321.5,1,1,2021-06-27,1252,Aqua,MODIS,80,6.03,287.7,16.3,D,0
-3.3602,11.5486,331.3,1,1,2021-06-27,1252,Aqua,MODIS,70,6.03,285.3,25.4,D,0
-3.4897,11.6748,316.5,1,1,2021-06-27,1252,Aqua,MODIS,75,6.03,286.9,11.3,D,0
-3.3419,11.5497,313.8,1,1,2021-06-27,1252,Aqua,MODIS,47,6.03,280.2,8.9,D,0
-2.5003,11.2997,310.8,1,1,2021-06-29,0943,Terra,MODIS,67,6.03,285.8,6.6,D,0
-1.7158,14.263,308.5,1,1,2021-06-29,1240,Aqua,MODIS,50,6.03,279.9,5.9,D,0
-1.7145,14.272,309.5,1,1,2021-06-29,1240,Aqua,MODIS,58,6.03,276.4,6.7,D,0
-1.9565,9.8764,304.1,1.1,1.1,2021-06-30,0103,Aqua,MODIS,59,6.03,288,7.5,N,2
-2.4818,11.2987,312,1.2,1.1,2021-07-01,0930,Terra,MODIS,68,6.03,291.9,8.2,D,0
-1.5004,14.1855,312.6,1,1,2021-07-01,0930,Terra,MODIS,53,6.03,297.9,4.6,D,0
-1.736,14.3486,315.7,1,1,2021-07-01,0930,Terra,MODIS,42,6.03,296.4,4.9,D,0
-2.7558,10.1287,303.5,1.4,1.2,2021-07-01,0931,Terra,MODIS,32,6.03,283.5,5.7,D,0
-2.754,10.1164,311.7,1.4,1.2,2021-07-01,0931,Terra,MODIS,70,6.03,287.6,14.2,D,0
-2.9571,10.9848,304.9,1.2,1.1,2021-07-01,0931,Terra,MODIS,40,6.03,285.7,4.1,D,0
-1.5279,9.9542,306.6,2.5,1.5,2021-07-01,1228,Aqua,MODIS,55,6.03,288.8,17.3,D,2
-2.7556,10.121,312.7,2.5,1.5,2021-07-01,1228,Aqua,MODIS,60,6.03,294.6,26.7,D,0
-2.742,10.1187,312.8,2.5,1.5,2021-07-01,1228,Aqua,MODIS,55,6.03,292.8,26.7,D,0
-3.1146,11.676,308.3,1.9,1.3,2021-07-01,1228,Aqua,MODIS,47,6.03,289.7,7.8,D,0
-0.7465,12.9697,310.7,1.4,1.2,2021-07-01,1229,Aqua,MODIS,64,6.03,295.2,10.4,D,0
-3.233,11.1142,303.4,1.1,1,2021-07-01,2150,Terra,MODIS,50,6.03,291.7,6.3,N,0
-3.0879,10.8949,302.6,1,1,2021-07-01,2150,Terra,MODIS,50,6.03,291.7,4.8,N,0
-3.2406,11.1115,305.4,1.1,1,2021-07-01,2150,Terra,MODIS,64,6.03,291.3,7,N,0
-1.9556,9.8724,305.5,1,1,2021-07-01,2151,Terra,MODIS,65,6.03,291.9,5.8,N,2
-0.7332,12.9708,301.9,1.1,1,2021-07-02,0050,Aqua,MODIS,45,6.03,291.4,4.5,N,0
-3.7053,11.842,310.8,1.8,1.3,2021-07-02,1311,Aqua,MODIS,60,6.03,290.8,13.1,D,0
-1.2989,13.9771,317.9,1.3,1.1,2021-07-03,0918,Terra,MODIS,74,6.03,297,14.4,D,0
-2.447,14.0686,317,1.2,1.1,2021-07-03,0918,Terra,MODIS,70,6.03,294.4,12.9,D,0
-2.4453,14.0575,313,1.2,1.1,2021-07-03,0918,Terra,MODIS,53,6.03,292.7,8.3,D,0
-1.3004,13.9852,310.1,2.1,1.4,2021-07-03,1216,Aqua,MODIS,62,6.03,289.4,11.5,D,0
-1.239,14.2445,300.4,1,1,2021-07-04,0038,Aqua,MODIS,26,6.03,283.8,4.8,N,0
-2.7362,11.5602,318.4,1.9,1.3,2021-07-04,1001,Terra,MODIS,76,6.03,290.9,31.3,D,0
-2.9883,11.753,310.2,2,1.4,2021-07-04,1001,Terra,MODIS,60,6.03,291.7,14.1,D,0
-3.6545,11.7264,357.4,1.1,1.1,2021-07-04,1258,Aqua,MODIS,98,6.03,286,91.5,D,0
-1.5212,9.9516,303.6,1.9,1.3,2021-07-05,2126,Terra,MODIS,56,6.03,285,14.5,N,2
-1.8921,14.3822,326.8,1,1,2021-07-05,2126,Terra,MODIS,100,6.03,290.1,26,N,0
-1.8908,14.3914,318.8,1,1,2021-07-05,2126,Terra,MODIS,97,6.03,290.2,17,N,0
-1.9012,14.3836,307.6,1,1,2021-07-05,2126,Terra,MODIS,72,6.03,290.1,8.1,N,0
-1.8998,14.3928,310.9,1,1,2021-07-05,2126,Terra,MODIS,81,6.03,290,10.4,N,0
-1.8422,14.0167,316.8,1.6,1.3,2021-07-06,0948,Terra,MODIS,72,6.03,294.3,19.8,D,0
-1.6905,14.1547,312.5,1.7,1.3,2021-07-06,0948,Terra,MODIS,38,6.03,296.7,11.1,D,0
-1.8413,14.0107,311.3,1.6,1.3,2021-07-06,0948,Terra,MODIS,28,6.03,294.1,10.2,D,0
-1.691,14.1643,330.1,1.7,1.3,2021-07-06,0948,Terra,MODIS,84,6.03,297.2,48.4,D,0
-1.6931,14.1794,315.5,1.7,1.3,2021-07-06,0948,Terra,MODIS,70,6.03,294.5,14.8,D,0
-1.8434,14.0257,313.2,1.6,1.3,2021-07-06,0948,Terra,MODIS,49,6.03,293.7,12.9,D,0
-1.6928,14.17,332.3,1.7,1.3,2021-07-06,0948,Terra,MODIS,86,6.03,296.4,53.7,D,0
-2.7587,10.1203,310.6,1,1,2021-07-06,0949,Terra,MODIS,52,6.03,295.9,5.4,D,0
-3.2505,11.1501,320.5,1.1,1.1,2021-07-06,0949,Terra,MODIS,76,6.03,295.3,16.4,D,0
-2.4003,14.0662,315,1.7,1.3,2021-07-06,0949,Terra,MODIS,49,6.03,297.8,15.6,D,0
-3.1951,11.3424,316.2,1,1,2021-07-06,1246,Aqua,MODIS,69,6.03,297,8.4,D,0
-2.6997,11.5888,323,1,1,2021-07-06,1246,Aqua,MODIS,79,6.03,297.3,15.3,D,0
-3.5675,11.7032,319.5,1,1,2021-07-06,1246,Aqua,MODIS,62,6.03,291,12.4,D,0
-2.4011,14.0636,318.3,1.1,1,2021-07-06,1246,Aqua,MODIS,48,6.03,299.7,9.9,D,0
-2.899,10.9679,312.2,1.1,1,2021-07-06,1246,Aqua,MODIS,63,6.03,292.4,6.2,D,0
-1.6664,13.4808,319.7,1,1,2021-07-06,1247,Aqua,MODIS,74,6.03,296.7,12.6,D,0
-1.5728,13.423,330.7,1,1,2021-07-06,1247,Aqua,MODIS,85,6.03,293.4,25.2,D,0
-1.6744,13.4782,315.9,1,1,2021-07-06,1247,Aqua,MODIS,48,6.03,296.5,7.4,D,0
-1.8295,14.3788,328.7,1.1,1.1,2021-07-06,1247,Aqua,MODIS,82,6.03,296.3,20.4,D,0
-1.8404,14.3702,320,1.1,1.1,2021-07-06,1247,Aqua,MODIS,60,6.03,300.2,10.2,D,0
-1.6956,14.1658,325,1.1,1,2021-07-06,1247,Aqua,MODIS,79,6.03,299.7,15.1,D,0
-1.3679,13.5042,319.5,1,1,2021-07-06,1247,Aqua,MODIS,74,6.03,294.5,13,D,0
-1.4835,14.2937,316.8,1.1,1.1,2021-07-06,1247,Aqua,MODIS,53,6.03,294.9,10.1,D,0
-1.8688,14.0446,333.8,1.1,1,2021-07-06,1247,Aqua,MODIS,86,6.03,298.5,28.7,D,0
-1.8291,13.6303,312.9,1,1,2021-07-06,1247,Aqua,MODIS,56,6.03,296.7,7.3,D,0
-1.7221,13.6656,319.1,1.1,1,2021-07-06,1247,Aqua,MODIS,73,6.03,295.7,13.2,D,0
-1.6971,14.1559,320.1,1.1,1,2021-07-06,1247,Aqua,MODIS,45,6.03,302.2,8.7,D,0
-2.6552,11.3236,328.5,1,1,2021-07-06,1247,Aqua,MODIS,83,6.03,297.4,24.4,D,0
-1.8702,14.035,345.6,1.1,1,2021-07-06,1247,Aqua,MODIS,93,6.03,298,50.8,D,0
-1.5723,14.0756,315.7,1.1,1,2021-07-06,1247,Aqua,MODIS,66,6.03,296.5,7.5,D,0
-1.857,13.4883,315.7,1,1,2021-07-06,1247,Aqua,MODIS,68,6.03,297.8,9.6,D,0
-2.6539,11.3329,325.2,1,1,2021-07-06,1247,Aqua,MODIS,81,6.03,294.8,20,D,0
-1.2517,14.0506,316.4,1.1,1,2021-07-06,1247,Aqua,MODIS,45,6.03,295.2,7.1,D,0
-1.2423,14.0492,317.2,1.1,1,2021-07-06,1247,Aqua,MODIS,15,6.03,297.2,8.1,D,0
-1.2222,14.0564,316.3,1.1,1,2021-07-06,1247,Aqua,MODIS,45,6.03,296.2,9.2,D,0
-1.8841,13.5584,315.1,1,1,2021-07-06,1247,Aqua,MODIS,62,6.03,295.5,9.8,D,0
-1.8354,13.6369,314.4,1,1,2021-07-06,1247,Aqua,MODIS,54,6.03,296.2,8.5,D,0
-1.5142,13.1931,308,1,1,2021-07-06,1247,Aqua,MODIS,33,6.03,293.1,3,D,0
-1.956,9.8701,304.6,1.8,1.3,2021-07-06,2209,Terra,MODIS,61,6.03,290.7,14.5,N,2
-1.5209,9.9548,304.7,1.8,1.3,2021-07-06,2209,Terra,MODIS,61,6.03,290.4,14.1,N,2
-1.9567,9.8751,303.8,1.4,1.2,2021-07-07,0109,Aqua,MODIS,57,6.03,291.1,9.2,N,2
-2.5939,11.4893,306.5,1.9,1.3,2021-07-07,0109,Aqua,MODIS,68,6.03,289.3,18.9,N,0
-3.2691,11.2054,301.4,1.8,1.3,2021-07-07,0109,Aqua,MODIS,40,6.03,289.7,11,N,0
-2.9688,10.3097,312.4,3.3,1.7,2021-07-07,1329,Aqua,MODIS,41,6.03,291.3,39.5,D,0
-2.9583,10.3032,314,3.3,1.7,2021-07-07,1329,Aqua,MODIS,52,6.03,291.8,45.1,D,0
-1.6574,14.1801,345.5,1.1,1,2021-07-08,0936,Terra,MODIS,93,6.03,300.6,50.1,D,0
-1.8846,14.3436,327.5,1.1,1,2021-07-08,0936,Terra,MODIS,81,6.03,303.3,19.8,D,0
-1.0272,14.0344,317.7,1.1,1,2021-07-08,0936,Terra,MODIS,67,6.03,300.7,10.8,D,0
-1.656,14.1704,337.4,1.1,1,2021-07-08,0936,Terra,MODIS,88,6.03,300.7,34.8,D,0
-0.743,12.9725,310.4,1,1,2021-07-08,0936,Terra,MODIS,62,6.03,296.9,6.8,D,0
-1.529,9.9577,312.2,1.2,1.1,2021-07-08,0936,Terra,MODIS,58,6.03,293.3,9.4,D,2
-1.5626,13.2212,311.8,1,1,2021-07-08,0936,Terra,MODIS,34,6.03,300.2,5.7,D,2
-1.6652,14.1691,351,1.1,1,2021-07-08,0936,Terra,MODIS,96,6.03,305.1,62.2,D,0
-0.8031,14.3277,316.3,1.1,1,2021-07-08,0936,Terra,MODIS,61,6.03,300.8,6.2,D,0
-1.6667,14.1788,326.8,1.1,1,2021-07-08,0936,Terra,MODIS,80,6.03,303,17.7,D,0
-0.8632,12.6613,307.5,1,1,2021-07-08,0936,Terra,MODIS,47,6.03,295.4,4.7,D,0
-0.8645,12.6702,308.8,1,1,2021-07-08,0936,Terra,MODIS,52,6.03,294.7,5.7,D,0
-0.2964,12.1268,308.5,1,1,2021-07-08,0936,Terra,MODIS,59,6.03,295.5,5.4,D,0
-1.2013,14.081,326.9,1.1,1,2021-07-08,0936,Terra,MODIS,81,6.03,301.8,20.4,D,0
-1.495,13.9566,313.7,1.1,1,2021-07-08,0936,Terra,MODIS,54,6.03,301,6,D,0
-1.1999,14.0716,314.8,1.1,1,2021-07-08,0936,Terra,MODIS,57,6.03,299.8,7.7,D,0
-1.5256,9.954,317,1.2,1.1,2021-07-08,0936,Terra,MODIS,71,6.03,293.7,13.8,D,2
-2.7808,10.1255,310.3,1.1,1.1,2021-07-08,0937,Terra,MODIS,49,6.03,294.4,6.2,D,0
-3.1093,10.9674,313.4,1,1,2021-07-08,0937,Terra,MODIS,47,6.03,294.9,7.6,D,0
-2.9356,10.2888,315,1.1,1,2021-07-08,0937,Terra,MODIS,62,6.03,293.2,8.7,D,0
-3.4933,11.5717,337,1,1,2021-07-08,0937,Terra,MODIS,89,6.03,299.8,32.6,D,0
-3.492,11.5627,336.4,1,1,2021-07-08,0937,Terra,MODIS,88,6.03,297.7,31.5,D,0
-3.184,11.2844,332.6,1,1,2021-07-08,0937,Terra,MODIS,86,6.03,297.5,26.8,D,0
-2.9686,11.0094,312.7,1,1,2021-07-08,0937,Terra,MODIS,56,6.03,297.1,5.7,D,0
-3.1853,11.2935,325.9,1,1,2021-07-08,0937,Terra,MODIS,81,6.03,298,18.3,D,0
-3.6289,11.677,334.6,1,1,2021-07-08,0937,Terra,MODIS,87,6.03,297.3,31.8,D,0
-2.9075,10.2929,317.7,1.1,1,2021-07-08,0937,Terra,MODIS,73,6.03,296.1,12.2,D,0
-1.7569,13.5834,316.6,1.1,1,2021-07-08,1234,Aqua,MODIS,49,6.03,298.6,9.4,D,0
-1.7667,13.5154,313.1,1.1,1,2021-07-08,1234,Aqua,MODIS,58,6.03,300,7.3,D,0
-3.5714,11.7486,315.1,1.5,1.2,2021-07-08,1234,Aqua,MODIS,63,6.03,295.1,13.5,D,0
-1.8439,13.6224,311.7,1.1,1,2021-07-08,1234,Aqua,MODIS,52,6.03,294.9,6.4,D,0
-1.6625,13.4041,314.5,1.1,1.1,2021-07-08,1234,Aqua,MODIS,62,6.03,299.2,7.6,D,0
-1.6977,13.7327,314.7,1.1,1,2021-07-08,1234,Aqua,MODIS,62,6.03,299.8,9.4,D,0
-1.6329,13.6786,313.7,1.1,1,2021-07-08,1234,Aqua,MODIS,48,6.03,299.5,6.3,D,0
-1.6639,13.3943,329,1.1,1.1,2021-07-08,1234,Aqua,MODIS,82,6.03,298.9,24.9,D,0
-1.964,13.5559,314.8,1.1,1,2021-07-08,1234,Aqua,MODIS,10,6.03,297.9,9.2,D,0
-2.6337,11.5823,324.9,1.5,1.2,2021-07-08,1234,Aqua,MODIS,81,6.03,297.9,29.8,D,0
-1.9654,13.546,314.8,1.1,1,2021-07-08,1234,Aqua,MODIS,20,6.03,297.9,9.4,D,0
-1.6452,14.1673,331.8,1,1,2021-07-08,1234,Aqua,MODIS,66,6.03,310.6,18.1,D,0
-1.6361,14.166,338.7,1,1,2021-07-08,1234,Aqua,MODIS,85,6.03,306.3,29.8,D,0
-1.7556,13.5931,343.9,1.1,1,2021-07-08,1234,Aqua,MODIS,92,6.03,299.6,49.6,D,0
-1.9547,13.5546,323.1,1.1,1,2021-07-08,1234,Aqua,MODIS,77,6.03,297.8,18.6,D,0
-2.3873,14.123,325.6,1.1,1,2021-07-08,1234,Aqua,MODIS,50,6.03,306.8,12.3,D,0
-2.3755,14.1404,335.1,1.1,1,2021-07-08,1234,Aqua,MODIS,82,6.03,306.5,27.3,D,0
-2.3781,14.1216,328.4,1.1,1,2021-07-08,1234,Aqua,MODIS,62,6.03,306.3,17.1,D,0
-2.3663,14.1392,335.6,1.1,1,2021-07-08,1234,Aqua,MODIS,78,6.03,303.6,28.9,D,0
-2.3676,14.1296,350.4,1.1,1,2021-07-08,1234,Aqua,MODIS,95,6.03,305.6,56.8,D,0
-2.369,14.1201,345.5,1.1,1,2021-07-08,1234,Aqua,MODIS,93,6.03,304.1,46.4,D,0
-1.5756,13.3649,319.9,1.1,1.1,2021-07-08,1234,Aqua,MODIS,63,6.03,299.6,12.8,D,0
-2.4339,13.9942,342.8,1.1,1,2021-07-08,1234,Aqua,MODIS,92,6.03,300.8,45.2,D,0
-2.4325,14.0037,321.6,1.1,1,2021-07-08,1234,Aqua,MODIS,64,6.03,300.3,13.2,D,0
-1.6517,14.1871,326.6,1,1,2021-07-08,1234,Aqua,MODIS,34,6.03,302.9,11.5,D,0
-3.2295,11.3334,314.1,1.6,1.2,2021-07-08,1234,Aqua,MODIS,62,6.03,292,12.3,D,0
-2.4418,14.0051,317.1,1.1,1,2021-07-08,1234,Aqua,MODIS,57,6.03,299.2,8.8,D,0
-1.653,14.1778,336.4,1,1,2021-07-08,1234,Aqua,MODIS,84,6.03,309.4,24.4,D,0
-1.6425,14.1858,327.3,1,1,2021-07-08,1234,Aqua,MODIS,56,6.03,302.8,13.6,D,0
-1.6439,14.1765,359.5,1,1,2021-07-08,1234,Aqua,MODIS,99,6.03,309,75.3,D,0
-1.6347,14.1752,331.5,1,1,2021-07-08,1234,Aqua,MODIS,70,6.03,302.9,19.4,D,0
-1.585,13.3663,317.3,1.1,1.1,2021-07-08,1234,Aqua,MODIS,65,6.03,298,10.1,D,0
-1.4642,14.0155,324,1,1,2021-07-08,1234,Aqua,MODIS,42,6.03,303.3,11.6,D,0
-1.6011,14.0321,322.1,1,1,2021-07-08,1234,Aqua,MODIS,56,6.03,306.6,11,D,0
-1.4629,14.0249,334,1,1,2021-07-08,1234,Aqua,MODIS,86,6.03,305.9,25.6,D,0
-1.501,13.9539,321.7,1.1,1,2021-07-08,1234,Aqua,MODIS,74,6.03,305.1,11.7,D,0
-1.4997,13.9632,322.5,1.1,1,2021-07-08,1234,Aqua,MODIS,75,6.03,299.2,12.3,D,0
-1.7542,13.6028,326,1.1,1,2021-07-08,1234,Aqua,MODIS,79,6.03,298.6,19.7,D,0
-1.6377,13.5109,317.8,1.1,1,2021-07-08,1234,Aqua,MODIS,65,6.03,302.1,9.1,D,0
-1.4585,14.3164,329.8,1,1,2021-07-08,1234,Aqua,MODIS,83,6.03,302.9,19.3,D,0
-1.8425,13.6321,310.6,1.1,1,2021-07-08,1234,Aqua,MODIS,42,6.03,296.7,5.1,D,0
-1.6284,13.5096,318.5,1.1,1,2021-07-08,1234,Aqua,MODIS,59,6.03,302.4,10.3,D,0
-2.9414,10.2809,316.9,1.8,1.3,2021-07-08,1234,Aqua,MODIS,38,6.03,296.5,20.6,D,0
-1.1978,14.0825,324.3,1,1,2021-07-08,1235,Aqua,MODIS,78,6.03,301.1,13.5,D,0
-0.7414,12.9701,312.4,1.1,1.1,2021-07-08,1235,Aqua,MODIS,64,6.03,300.2,7.8,D,0
-1.0297,14.037,321.6,1,1,2021-07-08,1235,Aqua,MODIS,74,6.03,300.5,13.9,D,0
-2.3643,14.059,304.5,2.1,1.4,2021-07-08,2157,Terra,MODIS,60,6.03,289.4,19.7,N,0
-1.1807,14.1013,310.7,2.2,1.5,2021-07-08,2157,Terra,MODIS,81,6.03,291.6,32.6,N,0
-1.5248,9.9532,309.8,1,1,2021-07-09,0057,Aqua,MODIS,78,6.03,291.9,9.5,N,2
-2.4898,10.6616,307.4,3.7,1.8,2021-07-09,1019,Terra,MODIS,57,6.03,292.6,29.5,D,0
-2.0847,11.198,311.8,2.3,1.5,2021-07-09,1317,Aqua,MODIS,63,6.03,293.4,19.6,D,0
-2.141,11.3369,308.6,2.3,1.5,2021-07-09,1317,Aqua,MODIS,40,6.03,293.5,15.5,D,0
-1.7297,14.1713,311.4,4,1.9,2021-07-09,1317,Aqua,MODIS,29,6.03,293.7,31.8,D,0
-1.8786,14.2484,352.1,1,1,2021-07-10,0924,Terra,MODIS,96,6.03,297.3,63.8,D,0
-1.8695,14.2497,350.2,1,1,2021-07-10,0924,Terra,MODIS,96,6.03,296.1,59.6,D,0
-1.9154,14.1897,336.8,1,1,2021-07-10,0924,Terra,MODIS,89,6.03,297.1,34.3,D,0
-1.9168,14.199,312.5,1,1,2021-07-10,0924,Terra,MODIS,16,6.03,293.8,5.2,D,0
-1.8857,14.2413,323.5,1,1,2021-07-10,0924,Terra,MODIS,79,6.03,297.5,15.9,D,0
-1.811,14.296,321.8,1,1,2021-07-10,0924,Terra,MODIS,72,6.03,293.1,13.2,D,0
-1.8097,14.2868,355,1,1,2021-07-10,0924,Terra,MODIS,98,6.03,296.4,71.5,D,0
-1.8083,14.2775,323.5,1,1,2021-07-10,0924,Terra,MODIS,75,6.03,295.7,15.6,D,0
-1.9063,14.191,313.2,1,1,2021-07-10,0924,Terra,MODIS,43,6.03,295.7,6,D,0
-1.8935,14.2307,316,1,1,2021-07-10,0924,Terra,MODIS,37,6.03,296.6,8.1,D,0
-1.8708,14.259,343.1,1,1,2021-07-10,0924,Terra,MODIS,92,6.03,293,44.7,D,0
-0.8096,14.3746,314.1,1.1,1,2021-07-10,0924,Terra,MODIS,70,6.03,288.4,8.8,D,0
-1.9077,14.2004,312.6,1,1,2021-07-10,0924,Terra,MODIS,41,6.03,292.9,5.5,D,0
-1.88,14.2577,333.9,1,1,2021-07-10,0924,Terra,MODIS,81,6.03,294,28.3,D,0
-1.9729,14.1583,305.4,1.3,1.1,2021-07-10,2144,Terra,MODIS,55,6.03,289.4,9,N,0
-1.8269,14.2566,319.8,1.3,1.1,2021-07-10,2144,Terra,MODIS,99,6.03,290.7,27.2,N,0
-1.8286,14.245,315.3,1.3,1.1,2021-07-10,2144,Terra,MODIS,91,6.03,290.1,20.9,N,0
-1.8167,14.2552,312.1,1.3,1.1,2021-07-10,2144,Terra,MODIS,84,6.03,289.9,17.3,N,0
-1.4364,14.2725,300.7,1.3,1.1,2021-07-10,2144,Terra,MODIS,21,6.03,283.8,7.9,N,0
-1.815,14.2669,314.3,1.3,1.1,2021-07-10,2144,Terra,MODIS,89,6.03,289.9,19.9,N,0
-1.9915,14.1734,302.1,1.3,1.1,2021-07-10,2144,Terra,MODIS,45,6.03,289.4,6.5,N,0
-1.9931,14.1619,307.3,1.3,1.1,2021-07-10,2144,Terra,MODIS,71,6.03,289.5,10.8,N,0
-1.9713,14.1984,328.1,3.9,1.8,2021-07-11,1007,Terra,MODIS,84,6.03,289.1,163.6,D,0
-1.3976,14.002,322.2,3.7,1.8,2021-07-11,1007,Terra,MODIS,80,6.03,286.4,101.2,D,0
-2.4296,14.062,312.6,3.9,1.8,2021-07-11,1007,Terra,MODIS,43,6.03,290.4,45.2,D,0
-1.9826,14.1602,312.9,3.9,1.8,2021-07-11,1007,Terra,MODIS,55,6.03,289.9,50.1,D,0
-2.4239,14.0693,313.2,3.9,1.8,2021-07-11,1007,Terra,MODIS,43,6.03,290.6,46.4,D,0
-1.977,14.1915,318.8,3.9,1.8,2021-07-11,1007,Terra,MODIS,56,6.03,289.7,85.8,D,0
-1.7194,14.1752,311.8,3.9,1.8,2021-07-11,1007,Terra,MODIS,67,6.03,290.9,38.3,D,0
-1.4056,13.9962,320.9,3.7,1.8,2021-07-11,1007,Terra,MODIS,55,6.03,284.1,86.3,D,0
-1.5478,13.5368,308.9,2,1.4,2021-07-11,1305,Aqua,MODIS,39,6.03,290.5,12.7,D,0
-1.6036,13.4176,313.7,2,1.4,2021-07-11,1305,Aqua,MODIS,70,6.03,294,18.8,D,0
-1.5198,9.9502,301,1.4,1.2,2021-07-12,2132,Terra,MODIS,36,6.03,288.3,8.4,N,2
-0.74,12.9679,303.4,1,1,2021-07-12,2132,Terra,MODIS,55,6.03,291.2,4.9,N,0
-1.5175,9.9644,303.6,1.9,1.3,2021-07-13,0032,Aqua,MODIS,56,6.03,290.6,13.8,N,2
-1.5214,9.9523,304.3,1.9,1.3,2021-07-13,0032,Aqua,MODIS,60,6.03,290.7,14,N,2
-0.7061,9.1798,329.7,1,1,2021-07-13,0954,Terra,MODIS,84,6.03,293.2,23.8,D,0
-1.7089,14.3029,319.4,2.3,1.5,2021-07-13,0954,Terra,MODIS,75,6.03,296.5,37.4,D,0
-0.7152,9.1785,349.2,1,1,2021-07-13,0954,Terra,MODIS,95,6.03,296.1,57.9,D,0
-3.3741,11.727,324.2,1,1,2021-07-13,1252,Aqua,MODIS,70,6.03,298.1,16.4,D,0
-3.4139,11.766,322.7,1,1,2021-07-13,1252,Aqua,MODIS,78,6.03,297,15.2,D,0
-0.8767,8.8472,316.1,1.1,1,2021-07-13,1253,Aqua,MODIS,70,6.03,295.8,9.7,D,0
-2.9115,10.9745,323.7,1,1,2021-07-13,1253,Aqua,MODIS,79,6.03,300.5,12.4,D,0
-2.9026,10.9732,327.7,1,1,2021-07-13,1253,Aqua,MODIS,82,6.03,299.1,17.4,D,0
-1.8622,13.5022,316.4,1.2,1.1,2021-07-13,1253,Aqua,MODIS,54,6.03,296.7,10.9,D,0
-1.8638,13.4914,324.7,1.2,1.1,2021-07-13,1253,Aqua,MODIS,78,6.03,299.2,21.8,D,0
-1.8619,13.4965,327.8,1.2,1.1,2021-07-13,1253,Aqua,MODIS,81,6.03,299.1,25,D,0
-3.0221,11.7436,315.9,1,1,2021-07-13,1253,Aqua,MODIS,53,6.03,295.8,8.4,D,0
-3.161,11.2197,314.9,1,1,2021-07-13,1253,Aqua,MODIS,28,6.03,299.3,6.1,D,0
-2.3158,14.1649,328.3,1.3,1.1,2021-07-13,1253,Aqua,MODIS,81,6.03,302,26.1,D,0
-2.3171,14.1712,325.3,1.3,1.1,2021-07-13,1253,Aqua,MODIS,58,6.03,298.9,21.3,D,0
-1.7246,14.2408,317.2,1.3,1.2,2021-07-13,1253,Aqua,MODIS,55,6.03,300.4,8.9,D,0
-1.7263,14.229,332.5,1.3,1.1,2021-07-13,1253,Aqua,MODIS,85,6.03,301.2,34.7,D,0
-1.728,14.2169,362.6,1.3,1.1,2021-07-13,1253,Aqua,MODIS,100,6.03,304.5,130.2,D,0
-1.7297,14.2052,324.4,1.3,1.1,2021-07-13,1253,Aqua,MODIS,77,6.03,303.1,21.3,D,0
-1.7143,14.2395,363.7,1.3,1.2,2021-07-13,1253,Aqua,MODIS,100,6.03,304.2,134.9,D,0
-1.716,14.2274,335.4,1.3,1.1,2021-07-13,1253,Aqua,MODIS,87,6.03,303.8,40,D,0
-1.6694,14.2579,320.6,1.4,1.2,2021-07-13,1253,Aqua,MODIS,71,6.03,301.4,15.7,D,0
-2.3141,14.1762,324.1,1.3,1.1,2021-07-13,1253,Aqua,MODIS,68,6.03,297.7,19.2,D,0
-1.7141,14.3138,335,1.4,1.2,2021-07-13,1253,Aqua,MODIS,87,6.03,299.5,44.7,D,0
-1.7158,14.3015,336.7,1.4,1.2,2021-07-13,1253,Aqua,MODIS,88,6.03,301.4,48.5,D,0
-1.7037,14.3124,317.9,1.4,1.2,2021-07-13,1253,Aqua,MODIS,69,6.03,298.5,13.8,D,0
-1.7055,14.3001,326.8,1.4,1.2,2021-07-13,1253,Aqua,MODIS,80,6.03,300.7,27.8,D,0
-2.4051,13.9782,335.9,1.3,1.1,2021-07-13,1253,Aqua,MODIS,87,6.03,299.8,39.8,D,0
-1.2553,14.3533,310.3,2.7,1.6,2021-07-14,0859,Terra,MODIS,61,6.03,294.5,17.7,D,0
-3.3995,11.6947,316.7,4,1.9,2021-07-14,0900,Terra,MODIS,73,6.03,293.5,83.1,D,0
-3.3952,11.7027,313.4,4,1.9,2021-07-14,0900,Terra,MODIS,68,6.03,293.3,62.4,D,0
-3.3897,11.6671,312.1,4,1.9,2021-07-14,0900,Terra,MODIS,66,6.03,293.2,53.6,D,0
-1.7044,14.1171,314.8,4.7,2,2021-07-14,1158,Aqua,MODIS,64,6.03,291.7,70.5,D,0
-1.4465,14.0234,315,4.7,2,2021-07-14,1158,Aqua,MODIS,71,6.03,292,71.4,D,0
-1.7056,14.1133,316.1,4.7,2,2021-07-14,1158,Aqua,MODIS,71,6.03,291.8,81.4,D,0
-1.4474,14.016,313.5,4.7,2,2021-07-14,1158,Aqua,MODIS,65,6.03,292,59.1,D,0
-1.5297,9.9444,301.2,2.5,1.5,2021-07-14,2120,Terra,MODIS,38,6.03,288.7,15.7,N,2
-1.4366,14.0743,302,1.2,1.1,2021-07-14,2120,Terra,MODIS,46,6.03,290.4,6.5,N,0
-2.098,14.2137,324.3,1.3,1.1,2021-07-15,0942,Terra,MODIS,69,6.03,286.2,24.8,D,0
-2.0962,14.2012,333.2,1.3,1.1,2021-07-15,0942,Terra,MODIS,46,6.03,292.9,38.9,D,0
-1.7637,10.4343,315.2,1,1,2021-07-15,0942,Terra,MODIS,71,6.03,292.3,8.9,D,0
-3.4637,11.7271,315.5,1,1,2021-07-15,0943,Terra,MODIS,72,6.03,289.5,9.7,D,0
-3.4799,11.5836,326.8,1,1,2021-07-15,0943,Terra,MODIS,63,6.03,285.6,19.9,D,0
-2.08,14.171,356,1,1,2021-07-15,1240,Aqua,MODIS,98,6.03,307.8,62.6,D,0
-3.3388,11.9117,321.9,1.1,1.1,2021-07-15,1240,Aqua,MODIS,76,6.03,297.1,17.6,D,0
-3.4441,11.5861,323.7,1.2,1.1,2021-07-15,1240,Aqua,MODIS,79,6.03,296.3,19.1,D,0
-3.4052,11.5805,314,1.2,1.1,2021-07-15,1240,Aqua,MODIS,64,6.03,293.2,7.5,D,0
-3.1769,11.2423,314.6,1.2,1.1,2021-07-15,1240,Aqua,MODIS,55,6.03,299.4,7.6,D,0
-3.4467,11.5811,324.2,1.2,1.1,2021-07-15,1240,Aqua,MODIS,35,6.03,293.9,17.3,D,0
-2.7879,10.8231,319.4,1.3,1.1,2021-07-15,1240,Aqua,MODIS,70,6.03,294.1,15.2,D,0
-2.4036,13.9627,328.9,1,1,2021-07-15,1240,Aqua,MODIS,71,6.03,298.2,19,D,0
-2.7777,10.8216,320.5,1.3,1.1,2021-07-15,1240,Aqua,MODIS,70,6.03,294,16.4,D,0
-3.4649,11.7344,356.9,1.2,1.1,2021-07-15,1240,Aqua,MODIS,98,6.03,292.9,87.6,D,0
-3.36,11.4587,319.7,1.2,1.1,2021-07-15,1240,Aqua,MODIS,39,6.03,296.5,13.8,D,0
-3.3615,11.448,328.9,1.2,1.1,2021-07-15,1240,Aqua,MODIS,83,6.03,298.2,27.6,D,0
-3.3517,11.4464,325,1.2,1.1,2021-07-15,1240,Aqua,MODIS,80,6.03,296.8,21.5,D,0
-3.4494,11.7746,324.1,1.2,1.1,2021-07-15,1240,Aqua,MODIS,54,6.03,296.6,19,D,0
-3.4368,11.794,362.6,1.2,1.1,2021-07-15,1240,Aqua,MODIS,100,6.03,299.1,108.3,D,0
-3.4383,11.7836,330.7,1.2,1.1,2021-07-15,1240,Aqua,MODIS,59,6.03,296.4,27.1,D,0
-2.5512,11.3334,313,1.2,1.1,2021-07-15,1240,Aqua,MODIS,50,6.03,291.6,6.9,D,0
-2.561,11.3348,327.8,1.2,1.1,2021-07-15,1240,Aqua,MODIS,83,6.03,297.6,25,D,0
-2.5595,11.3455,334.1,1.2,1.1,2021-07-15,1240,Aqua,MODIS,87,6.03,295.2,35.7,D,0
-2.5618,11.3405,339.1,1.2,1.1,2021-07-15,1240,Aqua,MODIS,90,6.03,297.5,45.8,D,0
-2.0515,14.1057,321.5,1,1,2021-07-15,1240,Aqua,MODIS,54,6.03,304.5,8.4,D,0
-3.2071,11.3137,325.6,1.2,1.1,2021-07-15,1240,Aqua,MODIS,49,6.03,297.8,18.5,D,0
-3.2055,11.3246,331.7,1.2,1.1,2021-07-15,1240,Aqua,MODIS,85,6.03,298.5,29.4,D,0
-3.2094,11.3094,323.4,1.2,1.1,2021-07-15,1240,Aqua,MODIS,61,6.03,297.8,14.5,D,0
-3.2079,11.3203,337.5,1.2,1.1,2021-07-15,1240,Aqua,MODIS,89,6.03,298.8,40.2,D,0
-3.2193,11.3109,326.7,1.2,1.1,2021-07-15,1240,Aqua,MODIS,67,6.03,299.7,18.8,D,0
-2.1286,14.2144,353,1,1,2021-07-15,1240,Aqua,MODIS,96,6.03,304.7,54.8,D,0
-2.5673,11.5142,319.7,1.2,1.1,2021-07-15,1240,Aqua,MODIS,75,6.03,295.9,14.3,D,0
-2.1299,14.2055,347.4,1,1,2021-07-15,1240,Aqua,MODIS,93,6.03,305.4,42.8,D,0
-2.0915,14.1544,330.8,1,1,2021-07-15,1240,Aqua,MODIS,82,6.03,304.3,18.1,D,0
-2.0928,14.1455,326.8,1,1,2021-07-15,1240,Aqua,MODIS,75,6.03,304.4,13.7,D,0
-2.0812,14.1621,332.5,1,1,2021-07-15,1240,Aqua,MODIS,83,6.03,306.3,18.2,D,0
-2.0825,14.1531,328.3,1,1,2021-07-15,1240,Aqua,MODIS,79,6.03,305.4,14.5,D,0
-2.049,14.1236,328.2,1,1,2021-07-15,1240,Aqua,MODIS,68,6.03,305.4,15.2,D,0
-2.0503,14.1147,322.6,1,1,2021-07-15,1240,Aqua,MODIS,54,6.03,305.5,9.3,D,0
-2.04,14.1223,336.2,1,1,2021-07-15,1240,Aqua,MODIS,84,6.03,300.9,26.3,D,0
-2.0413,14.1134,331.6,1,1,2021-07-15,1240,Aqua,MODIS,77,6.03,304,20.4,D,0
-2.8622,11.6602,320.8,1.2,1.1,2021-07-15,1240,Aqua,MODIS,69,6.03,296.9,13.3,D,0
-2.7109,11.5894,336.1,1.2,1.1,2021-07-15,1240,Aqua,MODIS,88,6.03,298.1,37.4,D,0
-3.4067,11.5699,313.1,1.2,1.1,2021-07-15,1240,Aqua,MODIS,59,6.03,293.6,6.7,D,0
-1.3283,14.0162,335.2,1,1,2021-07-15,1241,Aqua,MODIS,83,6.03,301.4,24.5,D,0
-1.2988,14.0302,324.1,1,1,2021-07-15,1241,Aqua,MODIS,56,6.03,299.6,10.3,D,0
-1.7077,13.2977,311.2,1,1,2021-07-15,1241,Aqua,MODIS,55,6.03,294.8,6.2,D,0
-1.2899,14.0289,348.4,1,1,2021-07-15,1241,Aqua,MODIS,94,6.03,301.7,46.6,D,0
-0.7862,14.1452,313.4,1,1,2021-07-15,1241,Aqua,MODIS,16,6.03,298.5,6.3,D,0
-1.3462,14.0188,340.8,1,1,2021-07-15,1241,Aqua,MODIS,90,6.03,300.4,33.7,D,0
-1.3666,13.8762,318.3,1,1,2021-07-15,1241,Aqua,MODIS,65,6.03,297.8,7.6,D,0
-1.318,14.0238,332.4,1,1,2021-07-15,1241,Aqua,MODIS,59,6.03,298.6,19.7,D,0
-1.9252,13.5752,330.6,1,1,2021-07-15,1241,Aqua,MODIS,83,6.03,295.4,24.3,D,0
-1.2462,14.3333,322.6,1,1,2021-07-15,1241,Aqua,MODIS,74,6.03,303.9,9.1,D,0
-1.7619,13.4939,313.8,1,1,2021-07-15,1241,Aqua,MODIS,61,6.03,298.3,7.1,D,0
-1.2449,14.3423,320,1,1,2021-07-15,1241,Aqua,MODIS,55,6.03,303.1,6.1,D,0
-1.5897,13.3473,310.8,1,1,2021-07-15,1241,Aqua,MODIS,51,6.03,296.9,4.4,D,0
-1.7491,13.5194,312.6,1,1,2021-07-15,1241,Aqua,MODIS,56,6.03,297.8,5.4,D,0
-1.3193,14.0149,332.4,1,1,2021-07-15,1241,Aqua,MODIS,46,6.03,303.2,19,D,0
-3.3319,11.4354,306.4,1.7,1.3,2021-07-15,2202,Terra,MODIS,63,6.03,288.6,17.6,N,0
-3.3297,11.4504,326.4,1.7,1.3,2021-07-15,2202,Terra,MODIS,100,6.03,289.3,54.4,N,0
-1.724,14.0333,300.6,2.9,1.6,2021-07-15,2203,Terra,MODIS,30,6.03,279.5,29,N,0
-3.2302,11.7747,309.1,3.2,1.7,2021-07-16,1323,Aqua,MODIS,41,6.03,290.8,24.6,D,0
-2.978,11.723,309.4,3.2,1.7,2021-07-16,1323,Aqua,MODIS,59,6.03,290.7,20.1,D,0
-3.4795,11.7225,316.6,3.1,1.7,2021-07-16,1323,Aqua,MODIS,73,6.03,292.9,52.5,D,0
-3.4783,11.7459,313.3,3.2,1.7,2021-07-16,1323,Aqua,MODIS,69,6.03,291.9,39.2,D,0
-3.3139,11.4264,314.9,3,1.6,2021-07-16,1323,Aqua,MODIS,71,6.03,293.2,40.5,D,0
-2.9824,11.6942,323.4,3.2,1.7,2021-07-16,1323,Aqua,MODIS,80,6.03,291.9,88.2,D,0
-3.4826,11.7177,313.8,3.1,1.7,2021-07-16,1323,Aqua,MODIS,70,6.03,292.9,40.9,D,0
-3.2587,11.7863,313.3,3.2,1.7,2021-07-16,1323,Aqua,MODIS,65,6.03,291.3,40.6,D,0
-2.9975,11.6967,326.3,3.2,1.7,2021-07-16,1323,Aqua,MODIS,82,6.03,292.4,101.5,D,0
-3.3281,11.9198,313,3.3,1.7,2021-07-16,1323,Aqua,MODIS,68,6.03,291.5,45.2,D,0
-1.4535,14.0041,313.6,2.1,1.4,2021-07-16,2108,Terra,MODIS,87,6.03,284.5,41.1,N,0
-1.4543,14.0106,313.2,2.1,1.4,2021-07-16,2108,Terra,MODIS,87,6.03,284.8,40.3,N,0
-2.3009,13.9557,324.1,1,1,2021-07-17,0930,Terra,MODIS,54,6.03,293.6,15,D,0
-1.5902,14.1113,330.9,1.2,1.1,2021-07-17,1228,Aqua,MODIS,84,6.03,294.4,32.3,D,0
-0.488,9.2658,322.3,2.7,1.6,2021-07-17,1229,Aqua,MODIS,69,6.03,292.5,70,D,0
0.3069,11.6601,306.5,1.7,1.3,2021-07-17,1229,Aqua,MODIS,51,6.03,287.2,8.3,D,0
-0.4979,9.2621,318.2,2.7,1.6,2021-07-17,1229,Aqua,MODIS,71,6.03,291,51.5,D,0
-0.3837,9.5767,304,1,1,2021-07-17,2151,Terra,MODIS,34,6.03,284.8,6.6,N,0
-0.4958,9.5478,305.4,1.1,1,2021-07-18,0050,Aqua,MODIS,64,6.03,287.7,8.2,N,0
-0.4498,9.5544,300.1,1.1,1,2021-07-18,0050,Aqua,MODIS,16,6.03,289,4.3,N,0
0.3793,9.6215,303.6,1.1,1,2021-07-18,0050,Aqua,MODIS,56,6.03,285.4,7,N,0
-3.2344,11.7313,312.9,3.5,1.8,2021-07-18,1013,Terra,MODIS,67,6.03,289.7,49.4,D,0
-1.8096,13.4702,309.6,4.5,2,2021-07-18,1013,Terra,MODIS,59,6.03,289.4,54.8,D,0
-3.6701,11.7778,320.3,1.8,1.3,2021-07-18,1311,Aqua,MODIS,74,6.03,294,27.5,D,0
-0.348,9.5323,325.9,1.4,1.2,2021-07-18,1312,Aqua,MODIS,81,6.03,295.6,30.7,D,0
-0.7011,9.4827,321,1.4,1.2,2021-07-18,1312,Aqua,MODIS,73,6.03,293.8,20.1,D,0
-0.689,9.4934,338.6,1.4,1.2,2021-07-18,1312,Aqua,MODIS,90,6.03,290.7,52.6,D,0
-0.6908,9.4812,355.1,1.4,1.2,2021-07-18,1312,Aqua,MODIS,98,6.03,294.8,104.7,D,0
-0.6786,9.4918,335.4,1.4,1.2,2021-07-18,1312,Aqua,MODIS,88,6.03,292.4,42.7,D,0
-0.6804,9.4796,357.4,1.4,1.2,2021-07-18,1312,Aqua,MODIS,99,6.03,294.4,111.9,D,0
-0.6682,9.4901,361.9,1.4,1.2,2021-07-18,1312,Aqua,MODIS,100,6.03,296.1,130.3,D,0
-0.67,9.4779,359.9,1.4,1.2,2021-07-18,1312,Aqua,MODIS,99,6.03,297.7,122.1,D,0
-0.6579,9.4884,346.4,1.4,1.2,2021-07-18,1312,Aqua,MODIS,94,6.03,296.5,72.2,D,0
-0.6597,9.4763,321.5,1.4,1.2,2021-07-18,1312,Aqua,MODIS,40,6.03,297.2,16.2,D,0
-0.6457,9.499,344.4,1.4,1.2,2021-07-18,1312,Aqua,MODIS,93,6.03,293.1,66.2,D,0
-0.6475,9.4869,336.8,1.4,1.2,2021-07-18,1312,Aqua,MODIS,89,6.03,295.6,44.9,D,0
-0.6495,9.4927,349.2,1.4,1.2,2021-07-18,1312,Aqua,MODIS,95,6.03,296,81.5,D,0
-0.6356,9.5157,345.8,1.4,1.2,2021-07-18,1312,Aqua,MODIS,93,6.03,292.8,73.9,D,0
-0.6374,9.5034,361.5,1.4,1.2,2021-07-18,1312,Aqua,MODIS,100,6.03,294.6,131.3,D,0
-0.6252,9.5141,326.5,1.4,1.2,2021-07-18,1312,Aqua,MODIS,81,6.03,289.6,27,D,0
-0.627,9.5019,329.8,1.4,1.2,2021-07-18,1312,Aqua,MODIS,84,6.03,292.5,33.3,D,0
-0.5886,9.5466,342.9,1.4,1.2,2021-07-18,1312,Aqua,MODIS,92,6.03,292.5,63.6,D,0
-0.5904,9.5342,329.5,1.4,1.2,2021-07-18,1312,Aqua,MODIS,59,6.03,289.7,30.7,D,0
-0.4118,9.5728,315.2,1.4,1.2,2021-07-18,1312,Aqua,MODIS,28,6.03,292.6,10.5,D,0
-0.3462,9.5448,333.1,1.4,1.2,2021-07-18,1312,Aqua,MODIS,87,6.03,293.3,45.8,D,0
-0.626,9.5013,316.1,3.8,1.8,2021-07-19,0133,Aqua,MODIS,90,6.03,288.5,103.2,N,0
-0.6324,9.4933,313,3.8,1.8,2021-07-19,0133,Aqua,MODIS,81,6.03,288.4,85.7,N,0
-0.5722,9.4788,316.4,2.9,1.6,2021-07-19,0917,Terra,MODIS,62,6.03,293.8,38.2,D,0
-0.5199,9.4405,319.1,2.9,1.6,2021-07-19,0917,Terra,MODIS,68,6.03,294.3,57.8,D,0
-0.5165,9.5199,314.9,2.9,1.6,2021-07-19,0917,Terra,MODIS,66,6.03,293.2,38.6,D,0
-0.3912,9.4908,317.7,2.9,1.6,2021-07-19,0917,Terra,MODIS,73,6.03,292.4,53.7,D,0
-1.4434,14.1247,324.5,1.3,1.1,2021-07-19,0917,Terra,MODIS,80,6.03,295.3,20.5,D,0
-1.5393,14.1507,315.9,1.3,1.1,2021-07-19,0917,Terra,MODIS,44,6.03,297.6,8.8,D,0
-1.5294,14.1522,348.2,1.3,1.1,2021-07-19,0917,Terra,MODIS,95,6.03,299.3,71.2,D,0
-1.5277,14.1411,316.9,1.3,1.1,2021-07-19,0917,Terra,MODIS,59,6.03,297.4,10,D,0
-0.5179,9.5128,315.4,2.9,1.6,2021-07-19,0917,Terra,MODIS,68,6.03,293,39.9,D,0
-0.5207,9.4333,319.1,2.9,1.6,2021-07-19,0917,Terra,MODIS,61,6.03,293.9,57.5,D,0
-1.8463,14.0816,320,1.3,1.1,2021-07-19,0918,Terra,MODIS,63,6.03,292.6,15.8,D,0
-1.7983,14.3735,316.2,1.2,1.1,2021-07-19,0918,Terra,MODIS,36,6.03,298.7,7,D,0
-1.8432,14.0652,340.2,1.3,1.1,2021-07-19,0918,Terra,MODIS,90,6.03,292,50.4,D,0
-1.8446,14.0704,343.7,1.3,1.1,2021-07-19,0918,Terra,MODIS,92,6.03,293.6,60.6,D,0
-1.8449,14.0764,341.7,1.3,1.1,2021-07-19,0918,Terra,MODIS,91,6.03,293.4,54.3,D,0
-1.8333,14.0669,353.3,1.3,1.1,2021-07-19,0918,Terra,MODIS,97,6.03,294,87.3,D,0
-1.8349,14.078,351.7,1.3,1.1,2021-07-19,0918,Terra,MODIS,96,6.03,295.7,81.9,D,0
-1.8459,14.0728,316.4,2.1,1.4,2021-07-19,1216,Aqua,MODIS,67,6.03,294.4,24.7,D,0
-1.1287,14.4035,307.6,1.9,1.3,2021-07-19,1216,Aqua,MODIS,61,6.03,278.6,15.3,D,0
-1.8447,14.0676,315.6,2.1,1.4,2021-07-19,1216,Aqua,MODIS,54,6.03,294.6,21.5,D,0
-1.6139,14.1338,313,2,1.4,2021-07-19,1216,Aqua,MODIS,52,6.03,289.4,17.6,D,0
-1.8558,10.9249,301.7,1.1,1,2021-07-19,2138,Terra,MODIS,44,6.03,291.2,4.4,N,0
-1.519,14.1423,300.2,1.1,1,2021-07-19,2138,Terra,MODIS,22,6.03,289.9,3.8,N,0
-1.0892,14.199,310.5,1.1,1,2021-07-19,2138,Terra,MODIS,80,6.03,290,11,N,0
-1.0985,14.2003,313.6,1.1,1,2021-07-19,2138,Terra,MODIS,88,6.03,290.8,13.7,N,0
-1.1038,14.2312,302.5,1.1,1,2021-07-19,2138,Terra,MODIS,49,6.03,291,5,N,0
-1.995,14.1627,304.4,1.1,1,2021-07-19,2138,Terra,MODIS,24,6.03,287.3,6.5,N,0
0.2197,11.8775,301.8,1,1,2021-07-19,2139,Terra,MODIS,44,6.03,290.1,4.2,N,0
-0.6384,9.4736,319,1.6,1.3,2021-07-20,0038,Aqua,MODIS,98,6.03,290.5,34.4,N,0
-1.524,9.9563,304.5,1.5,1.2,2021-07-20,0039,Aqua,MODIS,60,6.03,291,10.2,N,2
-2.0261,14.1567,314.3,3,1.6,2021-07-20,1000,Terra,MODIS,24,6.03,296.3,26.6,D,0
-1.1112,14.1363,329.9,2.8,1.6,2021-07-20,1000,Terra,MODIS,84,6.03,295.2,101.7,D,0
-2.0589,14.074,314.2,2.9,1.6,2021-07-20,1000,Terra,MODIS,47,6.03,293.8,30.5,D,0
-1.1039,14.1883,319.6,2.9,1.6,2021-07-20,1000,Terra,MODIS,70,6.03,295,48.6,D,0
-1.1111,14.2392,317.4,2.9,1.6,2021-07-20,1000,Terra,MODIS,72,6.03,296.1,40.8,D,0
-1.1292,14.1593,328.2,2.9,1.6,2021-07-20,1000,Terra,MODIS,83,6.03,295.4,91.5,D,0
-1.1255,14.1337,316.8,2.8,1.6,2021-07-20,1000,Terra,MODIS,64,6.03,295.5,38.9,D,0
0.3832,9.6018,316.8,1.2,1.1,2021-07-20,1000,Terra,MODIS,48,6.03,298.7,10.6,D,0
-2.7639,10.8856,313.5,1.7,1.3,2021-07-20,1001,Terra,MODIS,63,6.03,294.5,14.9,D,0
-2.7753,10.884,311.9,1.7,1.3,2021-07-20,1001,Terra,MODIS,46,6.03,295.5,11.8,D,0
-1.6358,13.5485,312.3,1.6,1.2,2021-07-20,1259,Aqua,MODIS,55,6.03,295.3,9.4,D,2
-1.1257,14.1291,322.1,1.7,1.3,2021-07-20,1259,Aqua,MODIS,50,6.03,294.9,26.8,D,0
-1.8666,14.0843,324.6,1.7,1.3,2021-07-20,1259,Aqua,MODIS,70,6.03,298.8,28.8,D,0
-1.8552,14.0828,332.9,1.7,1.3,2021-07-20,1259,Aqua,MODIS,83,6.03,301.6,47.9,D,0
-1.7249,13.6321,312.1,1.6,1.2,2021-07-20,1259,Aqua,MODIS,56,6.03,294.6,12.3,D,0
-1.6652,13.427,318.1,1.5,1.2,2021-07-20,1259,Aqua,MODIS,70,6.03,293.5,17.9,D,0
-1.6632,13.4403,315.8,1.5,1.2,2021-07-20,1259,Aqua,MODIS,66,6.03,294.8,14,D,0
-1.9572,14.1723,326.5,2.1,1.4,2021-07-21,0905,Terra,MODIS,73,6.03,300.6,41.4,D,0
-1.9198,14.1784,324.5,2.1,1.4,2021-07-21,0905,Terra,MODIS,60,6.03,298.6,38.6,D,0
-1.3816,14.0785,325.1,2.1,1.4,2021-07-21,0905,Terra,MODIS,75,6.03,297.7,42.2,D,0
-1.382,14.0855,320.7,2.1,1.4,2021-07-21,0905,Terra,MODIS,64,6.03,297.7,29.8,D,0
-1.9586,14.1656,330.4,2.1,1.4,2021-07-21,0905,Terra,MODIS,60,6.03,300.4,52.9,D,0
-1.9461,14.1676,324.6,2.1,1.4,2021-07-21,0905,Terra,MODIS,42,6.03,299.9,33.3,D,0
-1.9546,14.1546,339.8,2.1,1.4,2021-07-21,0905,Terra,MODIS,90,6.03,299.3,94.9,D,0
-1.9421,14.1566,323.5,2.1,1.4,2021-07-21,0905,Terra,MODIS,58,6.03,299.4,33.8,D,0
-1.5073,14.1449,303.9,1,1,2021-07-21,2126,Terra,MODIS,57,6.03,290.4,6,N,0
-1.5022,14.0487,308.5,1.1,1,2021-07-21,2126,Terra,MODIS,75,6.03,290,8.8,N,0
-0.4462,9.4952,303.4,2,1.4,2021-07-21,2126,Terra,MODIS,55,6.03,290.4,14.8,N,0
-2.9767,10.9511,306.5,1.7,1.3,2021-07-21,2126,Terra,MODIS,68,6.03,288.4,19.4,N,0
-1.5008,14.0581,311.6,1.1,1,2021-07-21,2126,Terra,MODIS,83,6.03,290.6,11.3,N,0
-1.4917,14.0569,302.4,1.1,1,2021-07-21,2126,Terra,MODIS,10,6.03,289.9,4.6,N,0
-1.4995,14.0675,303.2,1.1,1,2021-07-21,2126,Terra,MODIS,24,6.03,290.3,5,N,0
-2.1194,14.1331,301.5,1.2,1.1,2021-07-22,0026,Aqua,MODIS,42,6.03,289.9,6.6,N,0
-2.1178,14.1223,305.3,1.2,1.1,2021-07-22,0026,Aqua,MODIS,64,6.03,290.3,9.7,N,0
-1.8479,13.9398,312.1,1.6,1.2,2021-07-22,0948,Terra,MODIS,41,6.03,290.7,14.2,D,0
-1.8368,13.9417,314.9,1.6,1.2,2021-07-22,0948,Terra,MODIS,65,6.03,290,19.2,D,0
-3.139,11.2874,326,1.1,1.1,2021-07-22,0949,Terra,MODIS,81,6.03,296.8,24.5,D,0
-2.9654,10.9587,324.4,1.1,1,2021-07-22,0949,Terra,MODIS,80,6.03,294.5,17.7,D,0
-2.887,10.8572,320.3,1.1,1,2021-07-22,0949,Terra,MODIS,76,6.03,294.2,12.7,D,0
-2.8911,10.8404,338,1.1,1,2021-07-22,0949,Terra,MODIS,89,6.03,298.1,36.7,D,0
-2.8856,10.8476,358.6,1.1,1,2021-07-22,0949,Terra,MODIS,99,6.03,297.5,85,D,0
-2.8925,10.85,372.5,1.1,1,2021-07-22,0949,Terra,MODIS,100,6.03,299.1,132.9,D,0
-2.9111,10.8474,379.5,1.1,1,2021-07-22,0949,Terra,MODIS,100,6.03,300.6,163,D,0
-2.9018,10.8487,407.3,1.1,1,2021-07-22,0949,Terra,MODIS,100,6.03,305.6,329.1,D,0
-2.9125,10.8571,321,1.1,1,2021-07-22,0949,Terra,MODIS,63,6.03,295.8,13.1,D,0
-3.0217,11.6858,309.4,1.2,1.1,2021-07-22,0949,Terra,MODIS,32,6.03,293.6,5.4,D,0
-3.1405,11.2976,312.3,1.1,1.1,2021-07-22,0949,Terra,MODIS,61,6.03,294.6,8.7,D,0
-2.964,10.949,364.3,1.1,1,2021-07-22,0949,Terra,MODIS,100,6.03,299,105.7,D,0
-1.6765,14.4041,319.7,1.1,1.1,2021-07-22,1247,Aqua,MODIS,57,6.03,299.7,10.2,D,0
-2.9589,10.9272,300.5,2.1,1.4,2021-07-22,2208,Terra,MODIS,29,6.03,289.3,12.1,N,0
-2.9548,10.9395,303.5,2.1,1.4,2021-07-22,2208,Terra,MODIS,55,6.03,289.5,15.8,N,0
-2.095,14.0858,302.2,1.6,1.2,2021-07-23,2113,Terra,MODIS,48,6.03,288.7,12.8,N,0
-0.6085,9.4393,315.6,1.3,1.1,2021-07-24,0936,Terra,MODIS,36,6.03,294.5,11,D,0
-0.7754,9.1863,318.2,1.3,1.1,2021-07-24,0936,Terra,MODIS,65,6.03,293.6,14.3,D,0
-0.7651,9.1878,316.2,1.3,1.1,2021-07-24,0936,Terra,MODIS,37,6.03,294.1,11,D,0
-2.91,10.8304,315.8,1.1,1,2021-07-24,0936,Terra,MODIS,54,6.03,296.6,9.1,D,0
-3.2954,11.2591,311,1,1,2021-07-24,0936,Terra,MODIS,34,6.03,294.9,5.7,D,0
-2.6792,10.7701,319.8,1.1,1,2021-07-24,0936,Terra,MODIS,72,6.03,295.2,13.9,D,0
-2.6778,10.7607,311.2,1.1,1,2021-07-24,0936,Terra,MODIS,54,6.03,294.6,6.6,D,0
-2.67,10.7714,327.1,1.1,1,2021-07-24,0936,Terra,MODIS,83,6.03,296.1,21.4,D,0
-1.6068,14.3179,311.4,1.1,1,2021-07-24,0936,Terra,MODIS,36,6.03,296.3,4.8,D,0
-1.6054,14.3082,312.5,1.1,1,2021-07-24,0936,Terra,MODIS,46,6.03,297.3,6.2,D,0
-2.4838,10.6944,323.1,1.1,1,2021-07-24,0936,Terra,MODIS,80,6.03,293.7,18.7,D,0
-1.6001,14.3151,320.7,1.1,1,2021-07-24,0936,Terra,MODIS,74,6.03,295.8,13.7,D,0
-3.2914,11.2319,321.1,1,1,2021-07-24,0936,Terra,MODIS,77,6.03,293.2,15.9,D,0
-3.2927,11.241,315.4,1,1,2021-07-24,0936,Terra,MODIS,66,6.03,294.4,9.8,D,0
-3.2941,11.25,334.7,1,1,2021-07-24,0936,Terra,MODIS,88,6.03,295.2,31.6,D,0
-3.6526,11.8048,314.3,1,1,2021-07-24,0936,Terra,MODIS,69,6.03,296.2,8.3,D,0
-3.6616,11.8035,308.5,1,1,2021-07-24,0936,Terra,MODIS,20,6.03,294.7,3.8,D,0
-1.5525,14.0571,319.1,1.1,1,2021-07-24,0936,Terra,MODIS,72,6.03,298.5,10.7,D,0
-2.1002,14.0889,314.9,1.1,1,2021-07-24,0936,Terra,MODIS,46,6.03,298.3,8.5,D,0
-1.2026,14.0677,316.9,1.1,1,2021-07-24,0936,Terra,MODIS,58,6.03,296.3,10.6,D,0
-2.1059,14.0796,324,1.1,1,2021-07-24,1234,Aqua,MODIS,68,6.03,301.7,15,D,0
-1.7522,14.2947,325.9,1,1,2021-07-24,1234,Aqua,MODIS,78,6.03,303.8,11.5,D,0
-1.7639,14.2777,321.1,1,1,2021-07-24,1234,Aqua,MODIS,65,6.03,302.1,7.3,D,0
-2.1046,14.089,323.1,1.1,1,2021-07-24,1234,Aqua,MODIS,56,6.03,303.3,13,D,0
-1.7535,14.2855,337.2,1,1,2021-07-24,1234,Aqua,MODIS,87,6.03,306,27.4,D,0
-1.7548,14.2764,327.9,1,1,2021-07-24,1234,Aqua,MODIS,80,6.03,305.2,14.1,D,0
-1.7875,14.1772,334.3,1,1,2021-07-24,1234,Aqua,MODIS,85,6.03,301.4,27.7,D,0
-1.7626,14.2869,337.5,1,1,2021-07-24,1234,Aqua,MODIS,88,6.03,304,28.9,D,0
-1.0492,14.3874,346.8,1,1,2021-07-24,1235,Aqua,MODIS,94,6.03,300.6,49.1,D,0
-1.0479,14.3964,358.3,1,1,2021-07-24,1235,Aqua,MODIS,99,6.03,299.5,75.8,D,0
-1.4809,14.2001,324.4,1,1,2021-07-24,1235,Aqua,MODIS,77,6.03,297.8,15.9,D,0
-1.6543,14.3406,324.9,1,1,2021-07-24,1235,Aqua,MODIS,77,6.03,304.1,12,D,0
-1.6021,14.3171,333.2,1,1,2021-07-24,1235,Aqua,MODIS,85,6.03,300.2,25,D,0
-1.0402,14.3861,315.5,1,1,2021-07-24,1235,Aqua,MODIS,68,6.03,297.9,6.6,D,0
-0.5429,9.2487,307.6,1.1,1,2021-07-24,2157,Terra,MODIS,72,6.03,290.6,8,N,0
-0.547,9.2198,325.1,1.1,1,2021-07-24,2157,Terra,MODIS,100,6.03,291.1,25.2,N,0
-1.5278,9.9486,305.1,1.1,1.1,2021-07-24,2157,Terra,MODIS,63,6.03,287.8,9.6,N,2
-0.5456,9.2294,308.1,1.1,1,2021-07-24,2157,Terra,MODIS,73,6.03,290.8,8.2,N,0
-0.0505,11.6217,302.2,1.1,1.1,2021-07-25,0056,Aqua,MODIS,41,6.03,289.1,6.6,N,0
-1.8352,14.3688,316,1.8,1.3,2021-07-25,0057,Aqua,MODIS,92,6.03,288.5,35.4,N,0
-1.838,14.3594,304.7,1.8,1.3,2021-07-25,0057,Aqua,MODIS,53,6.03,287.8,16.3,N,0
-1.5174,9.9565,306.3,1,1,2021-07-25,0057,Aqua,MODIS,68,6.03,290,7.2,N,2
-2.4584,11.2871,304.6,1.1,1.1,2021-07-25,0057,Aqua,MODIS,61,6.03,289.6,8.1,N,0
-2.4569,11.2769,300.6,1.1,1.1,2021-07-25,0057,Aqua,MODIS,30,6.03,289.5,5.3,N,0
-1.2272,14.1108,300.9,1.7,1.3,2021-07-25,0057,Aqua,MODIS,36,6.03,288.1,10,N,0
-1.8404,14.3753,301.8,1.8,1.3,2021-07-25,0057,Aqua,MODIS,19,6.03,287.6,12.6,N,0
-2.906,10.8195,336,3.9,1.8,2021-07-25,1019,Terra,MODIS,82,6.03,291.5,234.2,D,0
-3.3655,11.687,323.3,4.6,2,2021-07-25,1019,Terra,MODIS,76,6.03,291,149.3,D,0
-3.3657,11.6938,321.7,4.6,2,2021-07-25,1019,Terra,MODIS,74,6.03,291,144.7,D,0
-2.7972,10.7426,311.7,3.8,1.8,2021-07-25,1019,Terra,MODIS,48,6.03,289.3,47.5,D,0
-2.8997,10.8268,333.3,3.9,1.8,2021-07-25,1019,Terra,MODIS,81,6.03,291.3,206.7,D,0
-2.6061,11.4409,306.6,4.3,1.9,2021-07-25,1019,Terra,MODIS,51,6.03,288.8,27.6,D,0
-1.8536,14.3654,312.6,4.1,1.9,2021-07-25,1317,Aqua,MODIS,46,6.03,291.6,39.7,D,0
-2.9894,11.5695,309.7,2.4,1.5,2021-07-25,1317,Aqua,MODIS,24,6.03,291.7,17,D,0
-2.9926,11.5485,316.3,2.3,1.5,2021-07-25,1317,Aqua,MODIS,71,6.03,293.7,34.8,D,0
-1.4189,13.9961,324.7,1.1,1,2021-07-26,0923,Terra,MODIS,69,6.03,299.3,13.7,D,0
-1.4203,14.0058,355,1.1,1,2021-07-26,0923,Terra,MODIS,97,6.03,300.5,69.5,D,0
-1.7259,13.4109,318.8,1.1,1.1,2021-07-26,0924,Terra,MODIS,74,6.03,294.5,14.8,D,0
-1.7364,13.4812,319.8,1.1,1.1,2021-07-26,0924,Terra,MODIS,75,6.03,294.5,16.2,D,0
-1.8537,13.6496,321.6,1.1,1,2021-07-26,0924,Terra,MODIS,77,6.03,294.2,18.1,D,0
-3.0713,11.673,308.6,1.4,1.2,2021-07-26,0924,Terra,MODIS,47,6.03,290.8,7,D,0
-1.5448,13.9853,316.4,1.1,1,2021-07-26,0924,Terra,MODIS,62,6.03,299.3,8.5,D,0
-1.7244,13.4008,336.8,1.1,1.1,2021-07-26,0924,Terra,MODIS,89,6.03,295.3,40.5,D,0
-1.7038,14.3999,319.2,1.5,1.2,2021-07-26,1222,Aqua,MODIS,60,6.03,297.1,14.2,D,0
-1.3962,13.8314,318.7,1.6,1.2,2021-07-26,1222,Aqua,MODIS,72,6.03,293.8,25.4,D,0
-1.3942,13.8452,316.3,1.6,1.2,2021-07-26,1222,Aqua,MODIS,69,6.03,293.2,20.2,D,0
-3.5058,11.6299,302.5,1,1,2021-07-26,2144,Terra,MODIS,50,6.03,290.6,4.7,N,0
-3.5225,11.6415,300.5,1,1,2021-07-26,2144,Terra,MODIS,22,6.03,290.2,3.6,N,0
-3.2135,11.7432,307.8,1,1,2021-07-26,2144,Terra,MODIS,72,6.03,291,8.3,N,0
-3.0448,10.9893,301.6,1,1,2021-07-26,2144,Terra,MODIS,43,6.03,289.8,4.8,N,0
-0.7792,14.3906,301.2,1.1,1,2021-07-27,0044,Aqua,MODIS,39,6.03,289.1,5.1,N,0
-1.8067,14.3577,300.9,1.1,1.1,2021-07-27,0045,Aqua,MODIS,35,6.03,290,5.2,N,0
-1.8053,14.3478,321.9,1.1,1.1,2021-07-27,0045,Aqua,MODIS,100,6.03,290.9,23.8,N,0
-2.4582,11.2125,339,2.3,1.5,2021-07-27,1007,Terra,MODIS,90,6.03,293.2,129.7,D,0
-1.8162,14.3301,317.5,1.5,1.2,2021-07-28,0911,Terra,MODIS,39,6.03,299.1,11,D,0
-1.7692,14.0951,321.9,1.6,1.2,2021-07-28,0911,Terra,MODIS,75,6.03,292,26.6,D,0
-1.7692,14.1016,318.4,1.6,1.2,2021-07-28,0911,Terra,MODIS,66,6.03,292.1,18.6,D,0
-0.7439,12.9649,302.8,1,1,2021-07-28,2132,Terra,MODIS,51,6.03,291.4,4.6,N,0
-2.4937,11.3976,306.4,1.2,1.1,2021-07-28,2132,Terra,MODIS,68,6.03,292.7,8.5,N,0
-1.5275,9.9501,314.8,1.4,1.2,2021-07-28,2132,Terra,MODIS,90,6.03,292.5,21.6,N,2
-1.5208,9.9555,312,1.4,1.2,2021-07-28,2132,Terra,MODIS,84,6.03,292.4,17.8,N,2
-1.5225,9.9426,302.6,1.5,1.2,2021-07-28,2132,Terra,MODIS,50,6.03,292.3,7.2,N,2
-1.8071,14.3188,300.5,1,1,2021-07-29,0032,Aqua,MODIS,23,6.03,289.6,4.3,N,0
-1.8175,14.3267,301,1,1,2021-07-29,0032,Aqua,MODIS,20,6.03,289.8,4.5,N,0
-1.8162,14.3175,301.2,1,1,2021-07-29,0032,Aqua,MODIS,23,6.03,289.8,4.5,N,0
-1.8084,14.328,305.7,1,1,2021-07-29,0032,Aqua,MODIS,65,6.03,290,7.5,N,0
-1.5234,9.9538,302.1,1.9,1.3,2021-07-29,0032,Aqua,MODIS,47,6.03,290.8,15.8,N,2
-0.5465,14.3841,310.1,2.2,1.4,2021-07-29,0954,Terra,MODIS,63,6.03,292.8,12.4,D,0
-1.2152,14.3063,325.9,2.2,1.4,2021-07-29,0954,Terra,MODIS,81,6.03,297.5,56,D,0
-1.2124,14.2864,313.5,2.2,1.4,2021-07-29,0954,Terra,MODIS,67,6.03,296.4,17.7,D,0
-1.5241,9.9569,319.4,1.1,1.1,2021-07-29,0954,Terra,MODIS,75,6.03,296.5,15,D,2
0.388,9.6045,313.9,1.1,1,2021-07-29,0954,Terra,MODIS,49,6.03,294.8,6.4,D,0
-2.9286,11.6959,321.9,1.5,1.2,2021-07-29,0955,Terra,MODIS,78,6.03,292.3,26,D,0
-1.4723,14.3742,331.6,1.4,1.2,2021-07-29,1253,Aqua,MODIS,84,6.03,303.6,35,D,0
-1.8278,14.3131,328.5,1.4,1.2,2021-07-29,1253,Aqua,MODIS,63,6.03,302.4,21.1,D,0
-1.8204,14.3191,324.1,1.4,1.2,2021-07-29,1253,Aqua,MODIS,29,6.03,305.2,12.6,D,0
-1.7622,10.4033,314.9,1,1,2021-07-29,1253,Aqua,MODIS,29,6.03,297.5,5.4,D,0
-1.5658,14.3693,321.2,1.4,1.2,2021-07-29,1253,Aqua,MODIS,72,6.03,303.4,12.1,D,0
-1.8668,10.8948,319.5,1,1,2021-07-29,1253,Aqua,MODIS,37,6.03,303.2,9.9,D,0
-1.8322,9.3263,325.5,1.1,1,2021-07-29,1253,Aqua,MODIS,80,6.03,298.9,18.9,D,0
-1.4742,14.3617,318.5,1.4,1.2,2021-07-29,1253,Aqua,MODIS,63,6.03,301.8,10.8,D,0
-0.8654,12.6643,316.6,1.1,1.1,2021-07-29,1253,Aqua,MODIS,47,6.03,298.8,10.6,D,0
-0.8594,12.667,311.6,1.1,1.1,2021-07-29,1253,Aqua,MODIS,45,6.03,297,7.5,D,0
-3.0513,11.682,318.2,1,1,2021-07-29,1253,Aqua,MODIS,71,6.03,294.5,9.8,D,0
-0.6439,12.3509,311.2,1.1,1,2021-07-29,1253,Aqua,MODIS,59,6.03,295,5.8,D,0
-1.7701,14.3742,324.4,1.4,1.2,2021-07-29,1253,Aqua,MODIS,72,6.03,303.5,14.7,D,0
-1.7683,14.3864,322,1.4,1.2,2021-07-29,1253,Aqua,MODIS,63,6.03,303.4,10.4,D,0
-2.6134,9.8543,315.6,1,1,2021-07-29,1253,Aqua,MODIS,43,6.03,299.8,8.1,D,0
-1.2398,14.0136,320.6,1.3,1.1,2021-07-29,1253,Aqua,MODIS,44,6.03,298.5,14.3,D,0
-3.1789,11.3031,316.5,1,1,2021-07-29,1253,Aqua,MODIS,37,6.03,300.5,6.5,D,0
-1.486,14.4271,321.8,1.4,1.2,2021-07-29,1253,Aqua,MODIS,73,6.03,301.6,16.4,D,0
-1.8409,14.1745,315.4,1.3,1.1,2021-07-29,1253,Aqua,MODIS,49,6.03,296.6,9.6,D,0
-1.2303,14.2959,328.7,1.4,1.2,2021-07-29,1253,Aqua,MODIS,79,6.03,302.8,24.2,D,0
-1.8937,11.0261,316,1,1,2021-07-29,1253,Aqua,MODIS,33,6.03,295.1,7.4,D,0
-2.0192,14.2124,333.7,1.3,1.1,2021-07-29,1253,Aqua,MODIS,85,6.03,301.9,37.3,D,0
-1.6563,9.2697,315.2,1.1,1,2021-07-29,1253,Aqua,MODIS,50,6.03,298.9,8.2,D,0
-2.0175,14.2245,327.8,1.3,1.1,2021-07-29,1253,Aqua,MODIS,79,6.03,299.4,24.9,D,0
-2.0154,14.2174,318.8,1.3,1.1,2021-07-29,1253,Aqua,MODIS,62,6.03,300.2,11.1,D,0
-2.8004,10.0858,315.4,1,1,2021-07-29,1253,Aqua,MODIS,63,6.03,295.5,8,D,0
-2.0257,14.2188,343,1.3,1.1,2021-07-29,1253,Aqua,MODIS,91,6.03,301.7,59.1,D,0
-1.8335,9.3169,326.2,1.1,1,2021-07-29,1253,Aqua,MODIS,81,6.03,298.5,19.6,D,0
-2.7931,10.079,313.9,1,1,2021-07-29,1253,Aqua,MODIS,49,6.03,296.5,7.5,D,0
-2.0274,14.207,330.2,1.3,1.1,2021-07-29,1253,Aqua,MODIS,81,6.03,303.2,29.9,D,0
-3.0835,11.0674,319.8,1,1,2021-07-29,1253,Aqua,MODIS,69,6.03,295.1,12.1,D,0
-1.2285,14.3082,329.5,1.4,1.2,2021-07-29,1253,Aqua,MODIS,80,6.03,301.6,25.8,D,0
-1.9622,14.2475,317.3,2.7,1.6,2021-07-30,0859,Terra,MODIS,45,6.03,292.7,36.4,D,0
-1.9519,14.2737,324.9,2.7,1.6,2021-07-30,0859,Terra,MODIS,73,6.03,293.2,69.6,D,0
-1.4718,14.0269,308.6,2.8,1.6,2021-07-30,0859,Terra,MODIS,44,6.03,288.3,18,D,0
-1.9477,14.2814,328.8,2.7,1.6,2021-07-30,0859,Terra,MODIS,56,6.03,293.7,85.1,D,0
-1.7991,13.4643,308.7,1.4,1.2,2021-07-30,2120,Terra,MODIS,75,6.03,289.4,14,N,0
-1.4848,14.2589,300.9,1.2,1.1,2021-07-30,2120,Terra,MODIS,35,6.03,289.5,5.2,N,0
-1.5257,9.948,306.2,2.5,1.5,2021-07-30,2120,Terra,MODIS,67,6.03,290.3,23.8,N,2
-1.959,9.8766,313.4,1,1,2021-07-31,0942,Terra,MODIS,66,6.03,291,8.4,D,2
-1.263,14.4512,311.4,1.3,1.1,2021-07-31,0942,Terra,MODIS,66,6.03,294.4,8.1,D,0
-1.148,14.0904,314.6,1.3,1.1,2021-07-31,0942,Terra,MODIS,50,6.03,294.3,10.4,D,0
-1.158,14.0888,316,1.3,1.1,2021-07-31,0942,Terra,MODIS,53,6.03,295.6,11.6,D,0
-2.9702,10.9881,325.1,1,1,2021-07-31,0942,Terra,MODIS,81,6.03,294.5,18,D,0
-1.4895,14.2574,311.4,1.3,1.1,2021-07-31,0942,Terra,MODIS,63,6.03,294.5,7.1,D,0
-0.9624,14.2858,325.1,1.3,1.1,2021-07-31,0942,Terra,MODIS,82,6.03,295.8,22.4,D,0
-0.9641,14.2973,337.5,1.3,1.1,2021-07-31,0942,Terra,MODIS,90,6.03,295.2,46.9,D,0
-0.9622,14.291,333.3,1.3,1.1,2021-07-31,0942,Terra,MODIS,87,6.03,296,38.3,D,0
-0.9639,14.3025,318.7,1.3,1.1,2021-07-31,0942,Terra,MODIS,71,6.03,294.2,13.8,D,0
-0.9707,14.2782,323.3,1.3,1.1,2021-07-31,0942,Terra,MODIS,80,6.03,296.2,20.5,D,0
-0.9724,14.2897,341.9,1.3,1.1,2021-07-31,0942,Terra,MODIS,92,6.03,296,57.7,D,0
-1.0741,14.0045,310.4,1.2,1.1,2021-07-31,0942,Terra,MODIS,52,6.03,294.6,7.6,D,0
-2.9689,10.9792,311.4,1,1,2021-07-31,0942,Terra,MODIS,45,6.03,293.5,5.7,D,0
-2.0322,14.211,340.9,1,1,2021-07-31,1241,Aqua,MODIS,90,6.03,297.6,33.5,D,0
-1.3382,13.9165,318.3,1,1,2021-07-31,1241,Aqua,MODIS,71,6.03,297,9.3,D,0
-1.1737,14.0352,314.5,1,1,2021-07-31,1241,Aqua,MODIS,54,6.03,295.7,6.9,D,0
-1.1648,14.0977,360.2,1,1,2021-07-31,1241,Aqua,MODIS,100,6.03,300,75.7,D,0
-1.1635,14.1066,365.6,1,1,2021-07-31,1241,Aqua,MODIS,100,6.03,300.2,90.6,D,0
-1.1623,14.1156,379.5,1,1,2021-07-31,1241,Aqua,MODIS,100,6.03,299.6,141.3,D,0
-0.7983,14.4124,328.9,1,1,2021-07-31,1241,Aqua,MODIS,83,6.03,297.3,18,D,0
-0.797,14.4215,325.1,1,1,2021-07-31,1241,Aqua,MODIS,45,6.03,298.8,12.9,D,0
-0.8061,14.4228,324.6,1,1,2021-07-31,1241,Aqua,MODIS,77,6.03,294.9,12,D,0
-1.161,14.1245,320.2,1,1,2021-07-31,1241,Aqua,MODIS,44,6.03,292.9,7.8,D,0
-1.7147,14.3758,323.1,1,1,2021-07-31,1241,Aqua,MODIS,75,6.03,300.6,9,D,0
-1.6463,13.9524,311.9,1,1,2021-07-31,1241,Aqua,MODIS,43,6.03,290.5,5.1,D,0
-1.645,13.9613,325.8,1,1,2021-07-31,1241,Aqua,MODIS,79,6.03,292.4,17.9,D,0
-1.6221,14.3136,318.6,1,1,2021-07-31,1241,Aqua,MODIS,42,6.03,297,6.6,D,0
-0.8047,14.4318,330,1,1,2021-07-31,1241,Aqua,MODIS,84,6.03,297.6,19.6,D,0
-1.175,14.0263,312.3,1,1,2021-07-31,1241,Aqua,MODIS,40,6.03,293.7,5.1,D,0
-1.1533,14.1143,355.3,1,1,2021-07-31,1241,Aqua,MODIS,98,6.03,299,64.4,D,0
-2.0395,14.2303,309.8,2.9,1.6,2021-07-31,2202,Terra,MODIS,78,6.03,288.2,52.8,N,0
-2.0399,14.2361,303.4,2.9,1.6,2021-07-31,2202,Terra,MODIS,55,6.03,288.1,32.9,N,0
-2.0432,14.2048,302.8,2.9,1.6,2021-07-31,2202,Terra,MODIS,51,6.03,287.9,32.5,N,0
-3.154,11.3516,305.4,1.7,1.3,2021-07-31,2202,Terra,MODIS,64,6.03,289.7,14.6,N,0
-1.906,14.3121,300.2,3,1.6,2021-07-31,2202,Terra,MODIS,19,6.03,288.2,22.1,N,0
-3.1426,11.3497,300.4,1.7,1.3,2021-07-31,2202,Terra,MODIS,17,6.03,289.5,8.1,N,0
-1.9061,14.3188,305.9,3,1.6,2021-07-31,2202,Terra,MODIS,66,6.03,288,36.6,N,0
-2.0439,14.2103,309.8,2.9,1.6,2021-07-31,2202,Terra,MODIS,78,6.03,288.1,53.7,N,0
-1.129,14.1203,318.1,3,1.6,2021-07-31,2203,Terra,MODIS,96,6.03,281.1,83.6,N,0
-1.129,14.115,316.2,3,1.6,2021-07-31,2203,Terra,MODIS,89,6.03,280.3,76.2,N,0
-1.5222,9.9547,301.1,1.1,1.1,2021-08-01,0103,Aqua,MODIS,37,6.03,290.2,5.2,N,2
-2.0411,14.2427,303.2,2.3,1.5,2021-08-01,0103,Aqua,MODIS,54,6.03,288.1,21.6,N,0
-2.0384,14.2379,303.9,2.3,1.5,2021-08-01,0103,Aqua,MODIS,58,6.03,288.1,24,N,0
-1.9118,14.2892,315.3,2,1.4,2021-08-01,2107,Terra,MODIS,91,6.03,287.4,41.4,N,0
-1.9092,14.3073,317.4,2,1.4,2021-08-01,2107,Terra,MODIS,95,6.03,287.2,46.4,N,0
-0.856,12.6633,309,1.1,1,2021-08-02,0929,Terra,MODIS,0,6.03,291.2,4.9,D,0
-1.9065,14.2957,328,1,1,2021-08-02,0930,Terra,MODIS,81,6.03,294.5,18.8,D,0
-1.8976,14.297,318,1,1,2021-08-02,0930,Terra,MODIS,68,6.03,293.2,8.5,D,0
-1.8655,14.3661,334.7,1.2,1.1,2021-08-02,1228,Aqua,MODIS,85,6.03,304,28.3,D,0
-1.7289,14.4054,321.6,1.2,1.1,2021-08-02,1228,Aqua,MODIS,66,6.03,301.4,9.5,D,0
-1.867,14.3556,335.3,1.2,1.1,2021-08-02,1228,Aqua,MODIS,86,6.03,304.2,29.9,D,0
-1.1188,14.3069,316.9,1.2,1.1,2021-08-02,1229,Aqua,MODIS,55,6.03,294.7,8.5,D,0
-1.2571,14.3495,319.5,1.2,1.1,2021-08-02,1229,Aqua,MODIS,72,6.03,296.1,10.7,D,0
-1.0935,14.346,325.5,1.2,1.1,2021-08-02,1229,Aqua,MODIS,72,6.03,299.5,20.2,D,0
-1.2586,14.339,326,1.2,1.1,2021-08-02,1229,Aqua,MODIS,80,6.03,301.4,19.5,D,0
-1.8897,14.3025,317.2,1.7,1.3,2021-08-02,2150,Terra,MODIS,95,6.03,290.5,34.2,N,0
-1.8812,14.2959,306.9,1.7,1.3,2021-08-02,2150,Terra,MODIS,70,6.03,290.2,16.8,N,0
-0.7795,11.9135,300.5,1.2,1.1,2021-08-02,2150,Terra,MODIS,29,6.03,287,5.1,N,0
-1.879,14.3111,304.8,1.7,1.3,2021-08-02,2150,Terra,MODIS,62,6.03,290.1,13.9,N,0
-1.5234,9.9543,312.6,1,1,2021-08-03,0051,Aqua,MODIS,85,6.03,290.3,11.8,N,2
-1.9359,13.6331,317.7,1.2,1.1,2021-08-03,0051,Aqua,MODIS,95,6.03,282.6,23.9,N,0
-1.9583,9.8719,308.5,2.4,1.5,2021-08-03,1013,Terra,MODIS,62,6.03,290.9,20.7,D,2
-1.9626,9.877,309.9,2.4,1.5,2021-08-03,1013,Terra,MODIS,65,6.03,290.8,24.1,D,2
-1.0007,14.153,322.5,3.1,1.7,2021-08-03,1311,Aqua,MODIS,78,6.03,293.9,68.8,D,0
-1.3751,14.2969,329.2,3.1,1.7,2021-08-03,1311,Aqua,MODIS,83,6.03,294.8,105.4,D,0
-1.3717,14.3173,317.4,3.1,1.7,2021-08-03,1311,Aqua,MODIS,71,6.03,291.1,42.7,D,0
-1.3758,14.2893,323.8,3.1,1.7,2021-08-03,1311,Aqua,MODIS,79,6.03,295.3,76.6,D,0
-1.0306,14.1569,316.4,3.1,1.7,2021-08-03,1311,Aqua,MODIS,42,6.03,293.8,36.2,D,0
-3.5274,11.7498,323.4,1.8,1.3,2021-08-03,1311,Aqua,MODIS,78,6.03,295.6,35.5,D,0
-3.5329,11.756,350.6,1.8,1.3,2021-08-03,1311,Aqua,MODIS,96,6.03,295.3,137,D,0
-1.5303,9.9479,314.9,1.4,1.2,2021-08-03,1311,Aqua,MODIS,68,6.03,294,14,D,2
-1.3551,14.2159,352.4,1.2,1.1,2021-08-04,0917,Terra,MODIS,96,6.03,296.4,80,D,0
-1.0265,14.1395,330.6,1.3,1.1,2021-08-04,0917,Terra,MODIS,84,6.03,298.9,29.6,D,0
-1.0282,14.1508,319.4,1.3,1.1,2021-08-04,0917,Terra,MODIS,64,6.03,299.3,10.6,D,0
-1.0181,14.1521,332.3,1.3,1.1,2021-08-04,0917,Terra,MODIS,85,6.03,297.6,32,D,0
-1.0165,14.1408,336.7,1.3,1.1,2021-08-04,0917,Terra,MODIS,88,6.03,295.2,42.2,D,0
-1.3799,14.0408,328.7,1.3,1.1,2021-08-04,0917,Terra,MODIS,82,6.03,295.6,27.9,D,0
-1.3257,14.0889,338.1,1.3,1.1,2021-08-04,0917,Terra,MODIS,89,6.03,299.9,43.8,D,0
-1.3073,14.1028,317.1,1.3,1.1,2021-08-04,0917,Terra,MODIS,45,6.03,295.1,9.7,D,0
-0.6412,14.1611,314.5,1.3,1.1,2021-08-04,0917,Terra,MODIS,65,6.03,293.8,13,D,0
-1.3882,14.3014,326.9,1.2,1.1,2021-08-04,0917,Terra,MODIS,80,6.03,295.1,21.2,D,0
-1.3899,14.3125,319.4,1.2,1.1,2021-08-04,0917,Terra,MODIS,41,6.03,296.5,10.1,D,0
-1.3981,14.3,317.5,1.2,1.1,2021-08-04,0917,Terra,MODIS,43,6.03,295.2,9.5,D,0
-2.4251,14.1281,322.7,1.2,1.1,2021-08-04,0917,Terra,MODIS,67,6.03,295.3,17.4,D,0
-1.3568,14.2271,332.6,1.2,1.1,2021-08-04,0917,Terra,MODIS,85,6.03,294.6,30.9,D,0
-1.3718,14.3261,326.7,1.2,1.1,2021-08-04,0917,Terra,MODIS,73,6.03,296.7,19.6,D,0
-1.3667,14.2257,319.2,1.2,1.1,2021-08-04,0917,Terra,MODIS,69,6.03,294.1,11.7,D,0
-1.38,14.3139,354.2,1.2,1.1,2021-08-04,0917,Terra,MODIS,97,6.03,298.7,82,D,0
-1.6206,13.3982,311.6,1.4,1.2,2021-08-04,0917,Terra,MODIS,51,6.03,294.4,9.6,D,0
-1.3817,14.3248,348.9,1.2,1.1,2021-08-04,0917,Terra,MODIS,95,6.03,299.6,66.9,D,0
-1.3651,14.2146,322.7,1.2,1.1,2021-08-04,0917,Terra,MODIS,76,6.03,294.5,16.5,D,0
-1.3536,14.2109,338,1.2,1.1,2021-08-04,0917,Terra,MODIS,89,6.03,295.6,43.2,D,0
-1.3553,14.222,358.9,1.2,1.1,2021-08-04,0917,Terra,MODIS,99,6.03,296,103,D,0
-2.4432,14.1142,326.3,1.2,1.1,2021-08-04,0918,Terra,MODIS,46,6.03,292.6,20.3,D,0
-2.8951,10.7464,369.9,2.1,1.4,2021-08-04,0918,Terra,MODIS,94,6.03,294.6,324.8,D,0
-3.1007,10.8914,307.5,2,1.4,2021-08-04,0918,Terra,MODIS,29,6.03,292,11.9,D,0
-3.1263,11.1394,313.7,1.9,1.4,2021-08-04,0918,Terra,MODIS,65,6.03,295.2,19,D,0
-2.4454,14.1188,318.6,1.2,1.1,2021-08-04,0918,Terra,MODIS,68,6.03,291.9,11.4,D,0
-2.9193,10.7018,313.5,3.9,1.8,2021-08-04,1216,Aqua,MODIS,55,6.03,291.6,63,D,0
-2.9088,10.7263,312.4,3.9,1.8,2021-08-04,1216,Aqua,MODIS,49,6.03,291.3,51.6,D,0
-1.7155,13.9662,321.5,2.1,1.4,2021-08-04,1216,Aqua,MODIS,65,6.03,295.6,37,D,0
-1.3374,14.2352,321.4,2,1.4,2021-08-04,1216,Aqua,MODIS,75,6.03,291.8,27.1,D,0
-1.3765,14.2234,315,2,1.4,2021-08-04,1216,Aqua,MODIS,26,6.03,293.6,11.4,D,0
-1.7142,13.9585,317.6,2.1,1.4,2021-08-04,1216,Aqua,MODIS,68,6.03,295.5,27.8,D,0
-1.9563,13.6401,311.2,2.2,1.4,2021-08-04,1216,Aqua,MODIS,39,6.03,290.5,15.7,D,0
-3.5507,11.756,314.9,3.3,1.7,2021-08-04,1216,Aqua,MODIS,49,6.03,291.9,41,D,0
-3.5662,11.7579,334.5,3.3,1.7,2021-08-04,1216,Aqua,MODIS,87,6.03,293.5,166.9,D,0
-3.5615,11.7623,341.8,3.3,1.7,2021-08-04,1216,Aqua,MODIS,91,6.03,293.9,228.5,D,0
-1.3908,14.296,320.2,1.9,1.4,2021-08-04,1216,Aqua,MODIS,66,6.03,295.3,21.2,D,0
-1.7114,13.9779,315,2.1,1.4,2021-08-04,1216,Aqua,MODIS,55,6.03,293.8,19.2,D,0
-2.9148,10.7344,315.9,3.9,1.8,2021-08-04,1216,Aqua,MODIS,69,6.03,290.2,74.6,D,0
-2.9252,10.7293,312,3.9,1.8,2021-08-04,1216,Aqua,MODIS,41,6.03,290.3,49.6,D,0
-3.0922,10.8882,304.4,1.1,1,2021-08-04,2138,Terra,MODIS,60,6.03,291.7,6.7,N,0
-0.7736,14.4027,305,1.1,1.1,2021-08-04,2138,Terra,MODIS,62,6.03,290.5,7.1,N,0
-3.3571,11.4171,346.4,1,1,2021-08-04,2138,Terra,MODIS,100,6.03,290.9,59.1,N,0
-0.7787,14.3988,310.9,1.1,1.1,2021-08-04,2138,Terra,MODIS,81,6.03,290.8,11.6,N,0
-3.3058,11.3939,300.4,1.1,1,2021-08-04,2138,Terra,MODIS,24,6.03,284.9,5.7,N,0
-0.776,11.9128,301.6,1,1,2021-08-04,2138,Terra,MODIS,42,6.03,289.3,4,N,0
-3.348,11.4158,318.7,1,1,2021-08-04,2138,Terra,MODIS,97,6.03,290.1,18,N,0
-3.3584,11.4077,311.8,1.1,1,2021-08-04,2138,Terra,MODIS,83,6.03,289.3,11.6,N,0
-0.7751,14.3925,303.5,1.1,1.1,2021-08-04,2138,Terra,MODIS,56,6.03,290.8,6.1,N,0
-3.2995,11.3909,303.4,1.1,1.1,2021-08-05,0039,Aqua,MODIS,55,6.03,287.8,8.1,N,0
-1.0051,14.0969,325.1,2.8,1.6,2021-08-05,1000,Terra,MODIS,81,6.03,289,79.2,D,0
-3.3823,11.3967,358.5,1.9,1.3,2021-08-05,1001,Terra,MODIS,99,6.03,292.9,197.6,D,0
-3.3847,11.4137,311.4,1.9,1.3,2021-08-05,1001,Terra,MODIS,56,6.03,290.2,15.6,D,0
-1.4667,14.3049,325.7,1.8,1.3,2021-08-05,1259,Aqua,MODIS,80,6.03,296.6,34.8,D,0
-1.469,14.2889,337.5,1.8,1.3,2021-08-05,1259,Aqua,MODIS,89,6.03,296.2,70.6,D,0
-1.6629,14.2981,320.9,1.8,1.3,2021-08-05,1259,Aqua,MODIS,75,6.03,296.9,21.9,D,0
-1.6577,14.3029,318.7,1.8,1.3,2021-08-05,1259,Aqua,MODIS,47,6.03,296.8,15.5,D,0
-1.66,14.2875,318,1.8,1.3,2021-08-05,1259,Aqua,MODIS,53,6.03,296.2,14.8,D,0
-1.4752,14.2955,344.3,1.8,1.3,2021-08-05,1259,Aqua,MODIS,93,6.03,296.6,97.5,D,0
0.2292,11.9378,301.7,1.8,1.3,2021-08-08,0109,Aqua,MODIS,43,6.03,287.9,11.7,N,0
-3.4152,11.4933,302.1,2.7,1.6,2021-08-08,2113,Terra,MODIS,30,6.03,289.9,27.4,N,0
-0.3769,11.855,310.8,1,1,2021-08-09,0935,Terra,MODIS,61,6.03,294.6,6.2,D,0
-1.234,14.2354,323.5,1.1,1,2021-08-09,0935,Terra,MODIS,46,6.03,303,12.4,D,0
-1.6842,10.4101,318.4,1.1,1.1,2021-08-09,0936,Terra,MODIS,57,6.03,299.6,10.4,D,0
-1.6828,10.4001,322.8,1.1,1.1,2021-08-09,0936,Terra,MODIS,72,6.03,297.2,15.4,D,0
-1.5061,14.3365,350.1,1.1,1,2021-08-09,0936,Terra,MODIS,95,6.03,304,61.2,D,0
-3.3878,11.5971,316.4,1,1,2021-08-09,0936,Terra,MODIS,70,6.03,293.1,7.9,D,0
-1.5075,14.3462,355.5,1.1,1,2021-08-09,0936,Terra,MODIS,98,6.03,300.4,75.5,D,0
-1.8398,10.9063,316.4,1.1,1,2021-08-09,0936,Terra,MODIS,56,6.03,296.5,7.5,D,0
-1.5154,14.3352,325.3,1.1,1,2021-08-09,0936,Terra,MODIS,78,6.03,298.4,17.1,D,0
-1.5169,14.3449,319.5,1.1,1,2021-08-09,0936,Terra,MODIS,68,6.03,298.5,10.7,D,0
-3.0827,11.0595,312.2,1.6,1.2,2021-08-09,1234,Aqua,MODIS,24,6.03,292.6,11.5,D,0
-2.7246,10.8364,317,1.6,1.3,2021-08-09,1234,Aqua,MODIS,51,6.03,298.7,18.2,D,0
-2.3524,11.3652,315.8,1.5,1.2,2021-08-09,1234,Aqua,MODIS,36,6.03,294.2,14.2,D,0
-2.5835,11.3419,323.9,1.5,1.2,2021-08-09,1234,Aqua,MODIS,80,6.03,295,26.3,D,0
-2.5816,11.3553,329.9,1.5,1.2,2021-08-09,1234,Aqua,MODIS,84,6.03,297.6,39.7,D,0
-2.8454,10.9551,322.2,1.6,1.3,2021-08-09,1234,Aqua,MODIS,78,6.03,297,29.4,D,0
-2.9339,10.8178,318.5,1.7,1.3,2021-08-09,1234,Aqua,MODIS,70,6.03,296.8,22.1,D,0
-2.7351,11.5642,319.8,1.5,1.2,2021-08-09,1234,Aqua,MODIS,59,6.03,295.1,18.5,D,0
-0.8628,12.6587,311.7,1.2,1.1,2021-08-09,1235,Aqua,MODIS,45,6.03,295.7,8,D,0
-1.8502,11.0228,317.4,1.6,1.2,2021-08-09,1235,Aqua,MODIS,69,6.03,297.7,16.4,D,0
-0.7454,12.9716,316.4,1.1,1.1,2021-08-09,1235,Aqua,MODIS,64,6.03,299,11.8,D,0
-1.9609,11.0439,316.9,1.6,1.2,2021-08-09,1235,Aqua,MODIS,40,6.03,298.5,16.8,D,0
-1.6801,13.4474,318.5,1.1,1,2021-08-09,1235,Aqua,MODIS,70,6.03,296.4,11.9,D,0
-1.5081,14.3315,327.3,1,1,2021-08-09,1235,Aqua,MODIS,80,6.03,306,14.3,D,0
-3.3932,11.4879,307,1.3,1.1,2021-08-09,2156,Terra,MODIS,70,6.03,290.4,11.2,N,0
-3.395,11.4757,306.6,1.3,1.1,2021-08-09,2156,Terra,MODIS,69,6.03,290.7,10.7,N,0
-0.9505,9.0856,302.1,1.1,1,2021-08-09,2157,Terra,MODIS,47,6.03,291,4.7,N,0
-0.9452,9.0913,301.2,1,1,2021-08-10,0057,Aqua,MODIS,39,6.03,290.9,4.3,N,0
0.945,10.9849,306.9,3.4,1.7,2021-08-10,1018,Terra,MODIS,57,6.03,289,27.8,D,0
0.9458,11.0106,316.8,3.5,1.8,2021-08-10,1018,Terra,MODIS,75,6.03,288.7,70,D,0
0.9404,11.0154,312.4,3.5,1.8,2021-08-10,1018,Terra,MODIS,69,6.03,287.6,51.9,D,0
-1.0796,14.0445,310.3,4,1.9,2021-08-10,1318,Aqua,MODIS,28,6.03,289.3,38.2,D,0
-1.4177,13.8543,305.4,2.9,1.6,2021-08-10,2101,Terra,MODIS,64,6.03,288.8,28.4,N,0
-1.1375,14.3143,320,2.6,1.5,2021-08-10,2101,Terra,MODIS,100,6.03,289.5,70.6,N,0
-1.4357,13.831,301.1,2.9,1.6,2021-08-10,2101,Terra,MODIS,30,6.03,288.6,16.8,N,0
-1.432,13.8572,301.7,2.9,1.6,2021-08-10,2101,Terra,MODIS,36,6.03,288.6,18.2,N,0
-1.1343,14.3369,303.9,2.6,1.5,2021-08-10,2101,Terra,MODIS,57,6.03,289.2,20.6,N,0
-1.174,14.3006,306.1,2.6,1.6,2021-08-10,2101,Terra,MODIS,67,6.03,289.1,27.2,N,0
-2.4496,13.9618,309.9,2.9,1.6,2021-08-10,2101,Terra,MODIS,78,6.03,287.5,52.5,N,0
-1.1824,14.2966,302,2.6,1.6,2021-08-10,2101,Terra,MODIS,46,6.03,289,17.4,N,0
-1.4158,13.8487,307.4,2.9,1.6,2021-08-10,2101,Terra,MODIS,71,6.03,288.7,34.8,N,0
-1.4301,13.8515,305.8,2.9,1.6,2021-08-10,2101,Terra,MODIS,66,6.03,288.7,29.8,N,0
-1.71,14.0916,327.3,1.1,1,2021-08-11,0923,Terra,MODIS,78,6.03,295.1,19.6,D,0
-1.7206,14.0998,323.8,1.1,1,2021-08-11,0923,Terra,MODIS,75,6.03,293,14.8,D,0
-1.5242,14.4509,315.5,1,1,2021-08-11,0923,Terra,MODIS,59,6.03,294,5.8,D,0
-1.4229,14.4526,316.1,1,1,2021-08-11,0923,Terra,MODIS,62,6.03,297.3,5.9,D,0
-1.7114,14.1012,325.2,1.1,1,2021-08-11,0923,Terra,MODIS,74,6.03,294.1,16.5,D,0
-1.4372,14.1782,314.2,1.1,1,2021-08-11,0923,Terra,MODIS,49,6.03,296.2,6.2,D,0
-1.7192,14.0903,334.2,1.1,1,2021-08-11,0923,Terra,MODIS,85,6.03,296.5,29.8,D,0
-2.479,14.0564,328.4,1,1,2021-08-11,0924,Terra,MODIS,82,6.03,291.6,22.4,D,0
-2.9807,10.9809,312.9,1.5,1.2,2021-08-11,0924,Terra,MODIS,61,6.03,290.7,11.9,D,0
-3.3886,11.4229,317.3,1.4,1.2,2021-08-11,0924,Terra,MODIS,68,6.03,293.2,15.9,D,0
-2.439,13.9758,313.5,1.1,1,2021-08-11,0924,Terra,MODIS,45,6.03,292.5,6.2,D,0
-3.3781,11.4243,336,1.4,1.2,2021-08-11,0924,Terra,MODIS,88,6.03,294.3,51.4,D,0
-3.3799,11.4368,315.5,1.4,1.2,2021-08-11,0924,Terra,MODIS,53,6.03,292.7,12.9,D,0
-3.0935,10.9717,323.5,1.5,1.2,2021-08-11,0924,Terra,MODIS,78,6.03,290.5,28.8,D,0
-2.4698,14.0576,327.6,1,1,2021-08-11,0924,Terra,MODIS,82,6.03,293.8,21.1,D,0
-1.8202,14.0344,306.2,1.3,1.1,2021-08-11,2144,Terra,MODIS,67,6.03,290.3,9.7,N,0
-1.8185,14.0457,301.8,1.3,1.1,2021-08-11,2144,Terra,MODIS,44,6.03,290.4,6,N,0
-1.7295,14.0728,303.6,1.1,1,2021-08-12,0045,Aqua,MODIS,56,6.03,289.7,6.1,N,0
-1.7388,14.0714,313.6,1.1,1,2021-08-12,0045,Aqua,MODIS,87,6.03,290.2,13.4,N,0
-1.7309,14.0823,306.1,1.1,1,2021-08-12,0045,Aqua,MODIS,67,6.03,289.1,8,N,0
-1.7402,14.0809,301,1.1,1,2021-08-12,0045,Aqua,MODIS,8,6.03,289.6,4.2,N,0
-1.7323,9.2665,314.2,1.6,1.2,2021-08-12,1006,Terra,MODIS,0,6.03,294.3,14.9,D,0
-1.0237,14.0761,317.6,2.3,1.5,2021-08-12,1305,Aqua,MODIS,72,6.03,291,30.3,D,0
-1.0259,14.069,317.6,2.3,1.5,2021-08-12,1305,Aqua,MODIS,73,6.03,290.7,32.5,D,0
-0.1213,11.6018,322.5,1.5,1.2,2021-08-12,1306,Aqua,MODIS,64,6.03,294.4,20.8,D,0
-0.1193,11.6155,336.2,1.5,1.2,2021-08-12,1306,Aqua,MODIS,88,6.03,298.5,53.1,D,0
-0.117,11.6085,324.9,1.5,1.2,2021-08-12,1306,Aqua,MODIS,64,6.03,296.5,25.2,D,2
1.6088,11.5755,315.1,1.6,1.3,2021-08-12,1306,Aqua,MODIS,57,6.03,297.5,14.8,D,2
-0.1522,11.6199,320.7,1.5,1.2,2021-08-12,1306,Aqua,MODIS,23,6.03,296.5,18.3,D,0
-0.7527,14.4476,325.6,2.4,1.5,2021-08-13,1210,Aqua,MODIS,76,6.03,295.3,47.3,D,0
-0.7693,14.4277,321.7,2.4,1.5,2021-08-13,1210,Aqua,MODIS,70,6.03,295.5,35.5,D,0
-0.7558,14.4259,341.1,2.4,1.5,2021-08-13,1210,Aqua,MODIS,91,6.03,294.2,127.2,D,0
-1.1544,14.2056,316.1,1,1,2021-08-13,2132,Terra,MODIS,93,6.03,292,14,N,0
-1.1532,14.2145,328.4,1,1,2021-08-13,2132,Terra,MODIS,100,6.03,292.5,26.7,N,0
-0.7349,12.9674,301.3,1.2,1.1,2021-08-14,0032,Aqua,MODIS,39,6.03,289.3,5.3,N,0
-0.8034,9.8636,314.8,1.1,1,2021-08-14,0954,Terra,MODIS,67,6.03,298.8,10.2,D,0
-1.0405,14.359,313.6,2.2,1.4,2021-08-14,0954,Terra,MODIS,44,6.03,292.1,13.9,D,0
-1.2099,14.264,316.4,2.2,1.4,2021-08-14,0954,Terra,MODIS,50,6.03,291,21.9,D,0
-1.0377,14.3399,323.7,2.2,1.4,2021-08-14,0954,Terra,MODIS,80,6.03,291.9,45.7,D,0
-2.7831,10.8079,315.1,1.3,1.1,2021-08-14,0954,Terra,MODIS,49,6.03,291.2,9.9,D,0
-2.7814,10.7964,317.7,1.3,1.1,2021-08-14,0954,Terra,MODIS,58,6.03,292.7,13.6,D,0
-2.7833,10.8027,324.2,1.3,1.1,2021-08-14,0954,Terra,MODIS,80,6.03,292.7,22.4,D,0
-2.6721,10.7423,313.4,1.3,1.1,2021-08-14,0954,Terra,MODIS,67,6.03,291.4,9.1,D,0
-1.5734,11.7151,311.6,1,1,2021-08-14,1253,Aqua,MODIS,62,6.03,294.7,7,D,0
-1.4065,13.4346,334.2,1.2,1.1,2021-08-14,1253,Aqua,MODIS,0,6.03,293.9,38.6,D,0
-1.6674,13.682,315.7,1.2,1.1,2021-08-14,1253,Aqua,MODIS,57,6.03,295,9.7,D,0
-1.2846,14.1979,328,1.4,1.2,2021-08-14,1253,Aqua,MODIS,74,6.03,301.7,23.8,D,0
-1.666,13.9646,324.6,1.3,1.1,2021-08-14,1253,Aqua,MODIS,67,6.03,298.2,17.1,D,0
-1.4049,13.4454,360.7,1.2,1.1,2021-08-14,1253,Aqua,MODIS,87,6.03,295.6,110.5,D,0
1.5222,11.8176,320.4,1.1,1,2021-08-14,1254,Aqua,MODIS,74,6.03,293.4,14.9,D,0
-1.4809,14.3294,320.5,2.7,1.6,2021-08-15,0859,Terra,MODIS,74,6.03,294.6,33.7,D,0
-1.485,14.3218,319.2,2.7,1.6,2021-08-15,0859,Terra,MODIS,70,6.03,294.8,27.8,D,0
-1.4886,14.3455,317.7,2.7,1.6,2021-08-15,0859,Terra,MODIS,42,6.03,294.3,24.4,D,0
-2.056,13.9683,323.5,2.8,1.6,2021-08-15,0859,Terra,MODIS,56,6.03,291.1,63.4,D,0
-2.0534,13.9752,323.7,2.8,1.6,2021-08-15,0859,Terra,MODIS,78,6.03,291.1,69.8,D,0
-0.1522,9.3974,312.1,4.1,1.9,2021-08-15,1336,Aqua,MODIS,48,6.03,291.6,52.1,D,0
-0.1547,9.4024,315.8,4.1,1.9,2021-08-15,1336,Aqua,MODIS,65,6.03,291.5,75.1,D,0
-2.0084,13.9761,307.9,1.3,1.1,2021-08-15,2119,Terra,MODIS,62,6.03,287,10.6,N,0
-2.0089,14.045,300.7,1.3,1.1,2021-08-15,2119,Terra,MODIS,32,6.03,286.1,6.2,N,0
-2.0184,13.9777,306.1,1.3,1.1,2021-08-15,2119,Terra,MODIS,32,6.03,286.8,9.1,N,0
-1.6655,14.0186,300.3,1.3,1.1,2021-08-15,2119,Terra,MODIS,20,6.03,284.3,5.8,N,0
-3.1286,11.157,322,1.2,1.1,2021-08-16,1240,Aqua,MODIS,75,6.03,297.1,17.3,D,0
-3.3951,11.5848,316.9,1.2,1.1,2021-08-16,1240,Aqua,MODIS,64,6.03,298.5,9.6,D,0
-3.1294,11.1513,323.2,1.3,1.1,2021-08-16,1240,Aqua,MODIS,78,6.03,296.8,18,D,0
-3.4415,11.6937,324,1.2,1.1,2021-08-16,1240,Aqua,MODIS,77,6.03,297.5,17.8,D,0
-3.44,11.7042,334.8,1.2,1.1,2021-08-16,1240,Aqua,MODIS,87,6.03,297.2,35.2,D,0
-3.4497,11.7056,317,1.2,1.1,2021-08-16,1240,Aqua,MODIS,16,6.03,296.4,8,D,0
-1.4828,13.9619,324.7,1,1,2021-08-16,1241,Aqua,MODIS,55,6.03,298.8,11.3,D,0
-0.7004,14.0918,323.3,1,1,2021-08-16,1241,Aqua,MODIS,77,6.03,295.2,16.7,D,0
-1.5936,14.3455,322.9,1,1,2021-08-16,1241,Aqua,MODIS,60,6.03,302.1,8.1,D,0
-1.484,13.9529,328.8,1,1,2021-08-16,1241,Aqua,MODIS,66,6.03,303.9,15.4,D,0
-3.2115,11.4854,300.8,1.5,1.2,2021-08-17,0103,Aqua,MODIS,33,6.03,280.3,10,N,0
-1.5765,13.3966,310.9,2.6,1.6,2021-08-19,1311,Aqua,MODIS,65,6.03,283.5,28.4,D,0
-2.8486,10.817,301.2,1.1,1,2021-08-20,2137,Terra,MODIS,38,6.03,289.9,4.8,N,0
-2.4856,11.2338,306.6,1,1,2021-08-20,2137,Terra,MODIS,68,6.03,291.2,7.1,N,0
-2.7182,11.5404,304.4,1,1,2021-08-20,2137,Terra,MODIS,60,6.03,288.6,6.4,N,0
-1.7103,14.0693,302.1,1,1,2021-08-21,0038,Aqua,MODIS,47,6.03,289.4,5.3,N,0
-1.7947,9.9013,303.7,1.5,1.2,2021-08-21,0039,Aqua,MODIS,57,6.03,289,9.7,N,0
-0.8794,14.3888,314,3,1.6,2021-08-21,1000,Terra,MODIS,57,6.03,292.1,20,D,0
-1.3072,13.4556,310.9,2.5,1.5,2021-08-21,1000,Terra,MODIS,62,6.03,293,23.3,D,0
-1.6697,14.3916,318.4,3,1.7,2021-08-21,1000,Terra,MODIS,55,6.03,298.4,27.5,D,0
-3.5305,11.8168,308.6,2,1.4,2021-08-21,1000,Terra,MODIS,40,6.03,286.5,11.5,D,0
-2.3619,14.099,350.1,1.7,1.3,2021-08-21,1259,Aqua,MODIS,95,6.03,305.3,96.8,D,0
-1.7876,13.6355,359.7,1.6,1.2,2021-08-21,1259,Aqua,MODIS,99,6.03,303.1,149.2,D,0
-0.8641,12.6601,315.9,1.4,1.2,2021-08-21,1259,Aqua,MODIS,50,6.03,297,13.3,D,0
-1.7896,13.6215,322.5,1.6,1.2,2021-08-21,1259,Aqua,MODIS,74,6.03,301.3,23.2,D,0
-3.349,11.3475,350.1,1.1,1,2021-08-21,1259,Aqua,MODIS,95,6.03,298.3,62.9,D,0
-3.3504,11.3376,332.9,1.1,1,2021-08-21,1259,Aqua,MODIS,85,6.03,299.3,29.7,D,0
-3.3417,11.3498,352.2,1.1,1,2021-08-21,1259,Aqua,MODIS,96,6.03,296.4,67.2,D,0
-1.1834,13.3633,314.8,1.5,1.2,2021-08-21,1259,Aqua,MODIS,62,6.03,296.6,11.1,D,0
-3.3431,11.34,332.8,1.1,1,2021-08-21,1259,Aqua,MODIS,85,6.03,299.8,27.9,D,0
-3.3193,11.3068,334.6,1.1,1,2021-08-21,1259,Aqua,MODIS,86,6.03,301,29.6,D,0
-1.6679,13.5133,317.2,1.5,1.2,2021-08-21,1259,Aqua,MODIS,50,6.03,299.9,10.7,D,0
-1.4313,13.8693,347,1.6,1.3,2021-08-21,1259,Aqua,MODIS,93,6.03,305.8,95.8,D,0
-1.4425,13.8713,337.2,1.6,1.3,2021-08-21,1259,Aqua,MODIS,85,6.03,304.7,59,D,0
-1.597,13.3036,316.4,1.5,1.2,2021-08-21,1259,Aqua,MODIS,51,6.03,299.9,11.5,D,0
-1.5915,13.3097,316.7,1.5,1.2,2021-08-21,1259,Aqua,MODIS,47,6.03,299.3,11.2,D,0
-1.5315,13.1934,316.6,1.5,1.2,2021-08-21,1259,Aqua,MODIS,25,6.03,300.8,9.5,D,0
-1.7511,13.7307,313,1.6,1.2,2021-08-21,1259,Aqua,MODIS,48,6.03,297.3,12.7,D,0
-1.749,13.7447,312.3,1.6,1.2,2021-08-21,1259,Aqua,MODIS,42,6.03,297,11.9,D,0
-1.2037,13.8642,314.2,1.7,1.3,2021-08-21,1259,Aqua,MODIS,59,6.03,297.9,12.6,D,0
-1.6659,13.527,332.1,1.5,1.2,2021-08-21,1259,Aqua,MODIS,84,6.03,299.8,42,D,0
-1.5362,14.3978,324.2,1.8,1.3,2021-08-21,1259,Aqua,MODIS,70,6.03,303.2,23,D,0
-1.7008,13.518,315.5,1.5,1.2,2021-08-21,1259,Aqua,MODIS,54,6.03,298,11.2,D,0
-1.6424,13.0708,313.3,1.4,1.2,2021-08-21,1259,Aqua,MODIS,52,6.03,297.9,10.2,D,0
-3.2533,11.7635,330.6,1.1,1.1,2021-08-21,1259,Aqua,MODIS,84,6.03,292.6,25.4,D,0
-1.6519,13.3808,317.3,1.5,1.2,2021-08-21,1259,Aqua,MODIS,58,6.03,300.5,12.7,D,0
-1.7314,13.3842,325.4,1.5,1.2,2021-08-21,1259,Aqua,MODIS,77,6.03,303.2,26.1,D,0
-1.8626,11.9136,322.8,1.2,1.1,2021-08-21,1259,Aqua,MODIS,77,6.03,297,19.9,D,0
-2.3712,14.1148,350.9,1.7,1.3,2021-08-21,1259,Aqua,MODIS,95,6.03,309,103,D,0
-3.0134,11.7208,334,1.1,1.1,2021-08-21,1259,Aqua,MODIS,86,6.03,299.2,31.3,D,0
-2.3732,14.1005,371.5,1.7,1.3,2021-08-21,1259,Aqua,MODIS,100,6.03,310.2,219.6,D,0
-2.3598,14.1132,337.9,1.7,1.3,2021-08-21,1259,Aqua,MODIS,88,6.03,303.9,52.7,D,0
-1.6658,14.3915,329.1,1.8,1.3,2021-08-21,1259,Aqua,MODIS,68,6.03,305.9,27,D,0
-1.3098,13.45,333.2,1.5,1.2,2021-08-21,1259,Aqua,MODIS,85,6.03,301.1,49.5,D,0
-1.6244,13.2672,319.4,1.5,1.2,2021-08-21,1259,Aqua,MODIS,67,6.03,299.9,16.3,D,0
-1.6136,13.2656,325.5,1.5,1.2,2021-08-21,1259,Aqua,MODIS,77,6.03,300.3,25.8,D,0
-1.5758,13.2659,324.9,1.5,1.2,2021-08-21,1259,Aqua,MODIS,73,6.03,303,20.4,D,0
-1.5777,13.2527,334.8,1.5,1.2,2021-08-21,1259,Aqua,MODIS,86,6.03,302.8,42.6,D,0
-3.523,11.8118,325.8,1.1,1.1,2021-08-21,1259,Aqua,MODIS,69,6.03,302.4,15.7,D,0
-3.5245,11.8016,321.6,1.1,1.1,2021-08-21,1259,Aqua,MODIS,39,6.03,301.1,9.1,D,0
-3.5135,11.8104,328.7,1.1,1.1,2021-08-21,1259,Aqua,MODIS,76,6.03,300.6,20.8,D,0
-2.9927,11.0192,325.1,1.1,1,2021-08-21,1259,Aqua,MODIS,79,6.03,294.6,16.4,D,0
-1.1105,13.4789,315.7,1.6,1.2,2021-08-21,1259,Aqua,MODIS,64,6.03,297.2,14.6,D,0
-1.8623,14.1757,306.3,1.1,1,2021-08-22,2125,Terra,MODIS,51,6.03,290.3,8.3,N,0
-1.8531,14.1743,321.1,1.1,1,2021-08-22,2125,Terra,MODIS,100,6.03,288.9,20.4,N,0
-3.0376,11.0939,300.7,1.6,1.3,2021-08-22,2125,Terra,MODIS,27,6.03,290,8.8,N,0
-1.3102,13.4568,301.3,1.1,1,2021-08-22,2125,Terra,MODIS,40,6.03,290.4,4.4,N,0
-1.8518,14.1837,310.1,1.1,1,2021-08-22,2125,Terra,MODIS,34,6.03,288.1,10.5,N,0
-1.861,14.185,306.2,1.1,1,2021-08-22,2125,Terra,MODIS,44,6.03,289,8.3,N,0
-1.5002,13.344,311.7,1.1,1.1,2021-08-22,2125,Terra,MODIS,83,6.03,290.9,12.6,N,0
-1.0089,14.3566,310.7,1,1,2021-08-22,2126,Terra,MODIS,81,6.03,290.1,10.6,N,0
-1.8379,14.1914,309.8,1.2,1.1,2021-08-23,0026,Aqua,MODIS,78,6.03,287,12.9,N,0
-1.8461,14.1792,313.7,1.2,1.1,2021-08-23,0026,Aqua,MODIS,86,6.03,282.9,16.8,N,0
-1.8395,14.2022,314.9,1.2,1.1,2021-08-23,0026,Aqua,MODIS,90,6.03,288.2,17.9,N,0
-1.8477,14.1902,316.2,1.2,1.1,2021-08-23,0026,Aqua,MODIS,93,6.03,284.7,19.2,N,0
-1.0429,14.219,318.8,1.6,1.3,2021-08-23,0947,Terra,MODIS,74,6.03,296.2,20.2,D,0
-1.0451,14.2338,320.3,1.6,1.3,2021-08-23,0947,Terra,MODIS,76,6.03,293.3,23.1,D,0
-1.347,13.8607,332.4,1.6,1.2,2021-08-23,0947,Terra,MODIS,86,6.03,292.6,49.4,D,0
-0.8589,12.6686,312.4,1.3,1.1,2021-08-23,0947,Terra,MODIS,56,6.03,294.2,9.6,D,0
-1.8544,14.2001,338.1,1.7,1.3,2021-08-23,0948,Terra,MODIS,85,6.03,297.2,62.6,D,0
-1.4992,13.3393,322.4,1.4,1.2,2021-08-23,0948,Terra,MODIS,58,6.03,295.2,22.1,D,0
-1.994,13.6578,313.1,1.5,1.2,2021-08-23,0948,Terra,MODIS,60,6.03,293.9,12,D,0
-2.005,13.6563,310.4,1.5,1.2,2021-08-23,0948,Terra,MODIS,34,6.03,293,8.3,D,0
-1.457,13.4234,316.6,1.5,1.2,2021-08-23,0948,Terra,MODIS,69,6.03,292,15.8,D,0
-1.6686,13.3153,309.2,1.4,1.2,2021-08-23,0948,Terra,MODIS,27,6.03,292,6.7,D,0
-2.6545,11.4478,317.7,1.1,1.1,2021-08-23,0948,Terra,MODIS,41,6.03,295.3,11.2,D,0
-1.4813,14.1573,318.6,1.7,1.3,2021-08-23,0948,Terra,MODIS,61,6.03,294.4,17.3,D,0
-1.527,13.4538,317.7,1.5,1.2,2021-08-23,0948,Terra,MODIS,71,6.03,292.9,16.2,D,0
-1.6668,13.3026,310.8,1.4,1.2,2021-08-23,0948,Terra,MODIS,51,6.03,293.9,8.8,D,0
-1.8338,14.2098,320,1.7,1.3,2021-08-23,0948,Terra,MODIS,46,6.03,297.1,15.9,D,0
-1.8129,13.5982,313.6,1.5,1.2,2021-08-23,0948,Terra,MODIS,61,6.03,295.7,11.8,D,0
-1.8772,14.197,323.1,1.7,1.3,2021-08-23,0948,Terra,MODIS,52,6.03,293.5,22.8,D,0
-1.5304,13.4475,321.8,1.5,1.2,2021-08-23,0948,Terra,MODIS,76,6.03,293.2,22,D,0
-1.4947,13.2354,316.6,1,1,2021-08-23,1247,Aqua,MODIS,42,6.03,298.7,7,D,0
-1.6716,11.4897,315.9,1,1,2021-08-23,1247,Aqua,MODIS,67,6.03,294.1,9.1,D,0
-1.5281,13.4533,331.5,1,1,2021-08-23,1247,Aqua,MODIS,73,6.03,297.3,23.1,D,0
-1.6073,11.747,312.7,1,1,2021-08-23,1247,Aqua,MODIS,64,6.03,295.7,6.7,D,0
-1.6086,11.7381,315.2,1,1,2021-08-23,1247,Aqua,MODIS,68,6.03,296.1,8.9,D,0
-1.5295,13.4441,326.1,1,1,2021-08-23,1247,Aqua,MODIS,42,6.03,298.2,16.3,D,0
-1.4708,13.4666,336.9,1,1,2021-08-23,1247,Aqua,MODIS,88,6.03,297.2,31.3,D,0
-1.4592,13.4178,339.9,1,1,2021-08-23,1247,Aqua,MODIS,90,6.03,301.9,34.6,D,0
-1.5831,13.3294,331.6,1,1,2021-08-23,1247,Aqua,MODIS,84,6.03,300.9,23.8,D,0
-0.2723,10.4001,314.2,1.1,1,2021-08-23,1247,Aqua,MODIS,67,6.03,293.2,8.6,D,0
-1.8129,13.7122,320,1.1,1,2021-08-23,1247,Aqua,MODIS,71,6.03,298.8,10.7,D,0
-1.505,13.293,333,1,1,2021-08-23,1247,Aqua,MODIS,85,6.03,300.9,23.7,D,0
-1.549,13.4375,322.3,1,1,2021-08-23,1247,Aqua,MODIS,73,6.03,297.2,12.5,D,0
-1.4606,13.4086,328.5,1,1,2021-08-23,1247,Aqua,MODIS,82,6.03,296.9,18.6,D,0
-0.6807,14.4203,319.1,1.2,1.1,2021-08-23,1247,Aqua,MODIS,58,6.03,293.2,8.9,D,0
-1.8212,13.5894,326.5,1,1,2021-08-23,1247,Aqua,MODIS,79,6.03,300.6,17.8,D,0
-0.7679,13.8144,321.8,1.1,1,2021-08-23,1247,Aqua,MODIS,73,6.03,299.5,13.6,D,0
-1.4721,13.4574,341.8,1,1,2021-08-23,1247,Aqua,MODIS,91,6.03,299.4,38.5,D,0
-1.4657,13.4376,329.4,1,1,2021-08-23,1247,Aqua,MODIS,63,6.03,297.5,18.2,D,0
-1.1069,12.4076,315.7,1,1,2021-08-23,1247,Aqua,MODIS,67,6.03,298.8,6.7,D,0
-1.2982,14.1662,324.6,1.1,1.1,2021-08-23,1247,Aqua,MODIS,59,6.03,296.2,12.7,D,0
-1.5386,13.4454,331.9,1,1,2021-08-23,1247,Aqua,MODIS,84,6.03,297.9,24.8,D,0
0.4545,12.3891,322.1,1,1,2021-08-23,1247,Aqua,MODIS,77,6.03,296.2,15,D,0
0.4532,12.3801,326.3,1,1,2021-08-23,1247,Aqua,MODIS,81,6.03,296.5,20.1,D,0
-0.9974,13.7617,316.7,1.1,1,2021-08-23,1247,Aqua,MODIS,53,6.03,294.7,10.5,D,0
-1.8607,11.9019,318.6,1,1,2021-08-23,1247,Aqua,MODIS,66,6.03,293.2,10.7,D,0
-0.742,12.9697,321.2,1,1,2021-08-23,1247,Aqua,MODIS,43,6.03,302.8,11.5,D,0
-1.6509,11.8264,317.7,1,1,2021-08-23,1247,Aqua,MODIS,55,6.03,295.4,11.6,D,0
-1.8116,13.7216,317,1.1,1,2021-08-23,1247,Aqua,MODIS,65,6.03,298.3,8.4,D,0
-1.6849,13.3217,334.1,1,1,2021-08-23,1247,Aqua,MODIS,86,6.03,299.9,27.9,D,0
0.5654,12.8442,319.3,1,1,2021-08-23,1247,Aqua,MODIS,24,6.03,299.7,8.4,D,0
-1.9708,12.8733,319.1,1,1,2021-08-23,1247,Aqua,MODIS,73,6.03,295.5,11.6,D,0
0.5694,12.8718,317.6,1,1,2021-08-23,1247,Aqua,MODIS,60,6.03,299.3,8.1,D,0
-0.7665,13.824,340.3,1.1,1,2021-08-23,1247,Aqua,MODIS,90,6.03,299.7,41.3,D,0
-0.7772,13.8157,329.4,1.1,1,2021-08-23,1247,Aqua,MODIS,82,6.03,298.9,22.8,D,0
-0.9614,13.8152,315.6,1.1,1,2021-08-23,1247,Aqua,MODIS,54,6.03,294.8,8.7,D,0
-0.7517,14.0608,314.9,1.1,1.1,2021-08-23,1247,Aqua,MODIS,50,6.03,298.2,7.3,D,0
-1.6835,13.3308,333.7,1,1,2021-08-23,1247,Aqua,MODIS,86,6.03,300.5,27.5,D,0
-1.5399,13.4362,338.3,1,1,2021-08-23,1247,Aqua,MODIS,89,6.03,297.7,33.7,D,0
-1.6806,11.491,333.7,1,1,2021-08-23,1247,Aqua,MODIS,87,6.03,295.4,28.7,D,0
2.1375,11.3482,326.2,1,1,2021-08-23,1248,Aqua,MODIS,81,6.03,296.5,16.7,D,2
-2.8202,10.9128,303.9,2.1,1.4,2021-08-23,2208,Terra,MODIS,57,6.03,285.3,21.3,N,0
-2.819,10.907,306.2,2.1,1.4,2021-08-23,2208,Terra,MODIS,67,6.03,285.4,27.1,N,0
-1.5223,9.9514,302.8,1.8,1.3,2021-08-23,2208,Terra,MODIS,51,6.03,289.6,10.9,N,2
-3.063,10.9428,300.4,2.1,1.4,2021-08-23,2208,Terra,MODIS,22,6.03,288.2,12.9,N,0
-1.4968,13.1927,320.4,1,1,2021-08-25,0935,Terra,MODIS,62,6.03,299,10.1,D,0
-1.654,13.2591,321.6,1,1,2021-08-25,0935,Terra,MODIS,74,6.03,298.1,13.7,D,0
-1.757,13.3963,323.7,1,1,2021-08-25,0935,Terra,MODIS,71,6.03,302.5,12.1,D,0
-1.7326,14.165,330,1.1,1,2021-08-25,0935,Terra,MODIS,72,6.03,303.7,16.3,D,0
-0.6555,13.6735,312.9,1,1,2021-08-25,0935,Terra,MODIS,61,6.03,297.5,6.6,D,2
-1.5995,13.2643,332.8,1,1,2021-08-25,0935,Terra,MODIS,85,6.03,298.3,25.5,D,0
-1.6907,13.6363,321.3,1,1,2021-08-25,0935,Terra,MODIS,72,6.03,298.1,13.5,D,0
-0.6542,13.6644,310.2,1,1,2021-08-25,0935,Terra,MODIS,37,6.03,295.7,4.5,D,2
-1.6009,13.2732,318.1,1,1,2021-08-25,0935,Terra,MODIS,68,6.03,299,8.1,D,0
-1.7221,13.6602,314.9,1,1,2021-08-25,0935,Terra,MODIS,57,6.03,297.1,8.3,D,0
-1.7583,13.4054,322.1,1,1,2021-08-25,0935,Terra,MODIS,74,6.03,303.9,10.9,D,0
-0.8572,12.6648,315.7,1,1,2021-08-25,0935,Terra,MODIS,52,6.03,297,8.5,D,0
-1.6256,13.2539,313.6,1,1,2021-08-25,0935,Terra,MODIS,46,6.03,297.6,5.3,D,0
-1.5065,13.1946,318.8,1,1,2021-08-25,0935,Terra,MODIS,38,6.03,299.9,8.9,D,0
-1.4997,13.5258,313.4,1,1,2021-08-25,0935,Terra,MODIS,54,6.03,298,6.2,D,0
-1.0948,14.0977,325.2,1.1,1,2021-08-25,0935,Terra,MODIS,66,6.03,297.9,16.6,D,0
-1.4983,13.5167,322.8,1,1,2021-08-25,0935,Terra,MODIS,75,6.03,297.9,15,D,0
-0.7458,12.9684,314.6,1,1,2021-08-25,0935,Terra,MODIS,52,6.03,298.8,6.9,D,0
-1.8716,12.7275,315,1.2,1.1,2021-08-25,1234,Aqua,MODIS,62,6.03,298.5,9.6,D,0
-1.897,13.5744,347.6,1.1,1,2021-08-25,1234,Aqua,MODIS,93,6.03,305.1,52.4,D,0
-1.8984,13.5647,328.5,1.1,1,2021-08-25,1234,Aqua,MODIS,65,6.03,303,17.7,D,0
-1.7659,13.4031,323.3,1.1,1.1,2021-08-25,1234,Aqua,MODIS,47,6.03,305.3,10.8,D,0
-1.2413,12.9789,317.3,1.1,1.1,2021-08-25,1235,Aqua,MODIS,67,6.03,297.7,11.5,D,0
-0.6802,14.1194,333.6,1,1,2021-08-25,1235,Aqua,MODIS,85,6.03,295.3,27.4,D,0
-1.4961,13.2958,322.8,1.1,1.1,2021-08-25,1235,Aqua,MODIS,66,6.03,302,11,D,0
-0.6686,14.1364,319.7,1,1,2021-08-25,1235,Aqua,MODIS,70,6.03,298.1,10.4,D,2
-0.7433,12.9691,320.6,1.1,1.1,2021-08-25,1235,Aqua,MODIS,73,6.03,302.2,12.5,D,0
-0.9949,13.4081,321.6,1.1,1,2021-08-25,1235,Aqua,MODIS,73,6.03,299.3,14.3,D,0
-0.6712,14.1181,312.8,1,1,2021-08-25,1235,Aqua,MODIS,25,6.03,296,4.6,D,0
-1.5495,13.1916,328.8,1.1,1.1,2021-08-25,1235,Aqua,MODIS,81,6.03,299.4,20.8,D,0
-1.3709,13.1539,317.5,1.1,1.1,2021-08-25,1235,Aqua,MODIS,60,6.03,298.4,8.4,D,2
-1.3694,13.1642,325,1.1,1.1,2021-08-25,1235,Aqua,MODIS,77,6.03,301.3,17.9,D,0
0.9895,11.2525,305,1.4,1.2,2021-08-25,1235,Aqua,MODIS,22,6.03,287.5,5.8,D,2
-1.3211,13.0953,337.8,1.1,1.1,2021-08-25,1235,Aqua,MODIS,88,6.03,300.1,39.7,D,0
-1.4867,13.2945,320.9,1.1,1.1,2021-08-25,1235,Aqua,MODIS,41,6.03,301.5,9.5,D,0
-1.5895,13.2131,316.2,1.1,1.1,2021-08-25,1235,Aqua,MODIS,57,6.03,298.4,7.9,D,0
-1.5881,13.2232,331.2,1.1,1.1,2021-08-25,1235,Aqua,MODIS,83,6.03,298.8,25.4,D,0
-1.4975,13.2858,333.8,1.1,1.1,2021-08-25,1235,Aqua,MODIS,85,6.03,302.4,27,D,0
-1.3155,13.0981,334.1,1.1,1.1,2021-08-25,1235,Aqua,MODIS,86,6.03,300.1,33.2,D,0
-1.6786,13.5748,318.3,1.1,1,2021-08-25,1235,Aqua,MODIS,61,6.03,301.5,7.3,D,0
-1.6802,13.2942,323.1,1.1,1.1,2021-08-25,1235,Aqua,MODIS,59,6.03,300.5,14.4,D,0
-1.5957,13.3059,323.1,1.1,1.1,2021-08-25,1235,Aqua,MODIS,69,6.03,301.3,13,D,0
0.7991,11.5529,314.1,1.3,1.1,2021-08-25,1235,Aqua,MODIS,68,6.03,294.9,11.1,D,0
1.1727,11.5218,306.3,1.3,1.1,2021-08-25,1235,Aqua,MODIS,23,6.03,291,6,D,0
-1.2398,12.989,316.4,1.1,1.1,2021-08-25,1235,Aqua,MODIS,65,6.03,296.5,10.5,D,0
-1.2442,12.9849,324.1,1.1,1.1,2021-08-25,1235,Aqua,MODIS,77,6.03,296.5,18.6,D,0
-1.0611,10.988,314,1.5,1.2,2021-08-25,1235,Aqua,MODIS,65,6.03,293.4,14,D,0
-1.0012,13.4047,319.9,1.1,1,2021-08-25,1235,Aqua,MODIS,70,6.03,299.5,11.4,D,0
-1.489,11.5397,315.5,1.4,1.2,2021-08-25,1235,Aqua,MODIS,48,6.03,295.5,14.2,D,0
-1.4908,11.527,311,1.4,1.2,2021-08-25,1235,Aqua,MODIS,38,6.03,295.7,9,D,0
-1.681,12.6333,320.5,1.2,1.1,2021-08-25,1235,Aqua,MODIS,72,6.03,297.9,15.4,D,0
-1.5154,13.2276,321.9,1.1,1.1,2021-08-25,1235,Aqua,MODIS,61,6.03,301.8,9.9,D,0
-0.7747,13.1944,311.5,1.1,1.1,2021-08-25,1235,Aqua,MODIS,45,6.03,296.9,4.9,D,0
-0.7733,13.2043,317.7,1.1,1.1,2021-08-25,1235,Aqua,MODIS,67,6.03,297.9,10.9,D,0
-1.7716,11.9901,311.1,1.3,1.1,2021-08-25,1235,Aqua,MODIS,52,6.03,294.9,10.3,D,0
-1.7013,11.8403,320.8,1.4,1.2,2021-08-25,1235,Aqua,MODIS,75,6.03,296.1,22.4,D,0
-0.7829,11.9122,312.6,1.3,1.1,2021-08-25,1235,Aqua,MODIS,60,6.03,298,7.9,D,0
-1.4925,11.515,317,1.4,1.2,2021-08-25,1235,Aqua,MODIS,61,6.03,295.5,16.4,D,0
-1.4785,11.538,316.2,1.4,1.2,2021-08-25,1235,Aqua,MODIS,38,6.03,295.7,14.9,D,2
-1.5612,13.2449,328.5,1.1,1.1,2021-08-25,1235,Aqua,MODIS,64,6.03,303,16.2,D,0
-1.1873,13.8534,327.1,1.1,1,2021-08-25,1235,Aqua,MODIS,78,6.03,298.3,19.4,D,0
-1.1887,13.844,320.7,1.1,1,2021-08-25,1235,Aqua,MODIS,70,6.03,296,12.7,D,0
-1.6245,13.239,319,1.1,1.1,2021-08-25,1235,Aqua,MODIS,40,6.03,298.6,9.8,D,0
-1.5933,13.2548,333.1,1.1,1.1,2021-08-25,1235,Aqua,MODIS,84,6.03,301.5,25.1,D,0
-1.5919,13.265,337.1,1.1,1.1,2021-08-25,1235,Aqua,MODIS,87,6.03,302.5,30.9,D,0
-1.6621,11.6146,310.2,1.4,1.2,2021-08-25,1235,Aqua,MODIS,46,6.03,293.7,9.5,D,0
-1.6391,13.785,316.6,1.1,1,2021-08-25,1235,Aqua,MODIS,48,6.03,299.9,7.8,D,0
-1.4275,13.5298,323.4,1.1,1,2021-08-25,1235,Aqua,MODIS,74,6.03,300.6,14.5,D,0
-1.6566,11.7275,311,1.4,1.2,2021-08-25,1235,Aqua,MODIS,56,6.03,294.8,10.5,D,0
-1.6411,11.6876,316.7,1.4,1.2,2021-08-25,1235,Aqua,MODIS,69,6.03,294.8,17.3,D,0
-1.6046,11.7203,309.8,1.4,1.2,2021-08-25,1235,Aqua,MODIS,50,6.03,295.6,8.3,D,0
-1.608,11.6521,308.1,1.4,1.2,2021-08-25,1235,Aqua,MODIS,34,6.03,294.4,6.8,D,0
-1.3942,13.1268,322.2,1.1,1.1,2021-08-25,1235,Aqua,MODIS,74,6.03,298.6,15.5,D,0
-0.6904,13.6556,325.3,1.1,1,2021-08-25,1235,Aqua,MODIS,78,6.03,297.2,18.3,D,0
-1.5602,13.9506,340.2,1.1,1,2021-08-25,1235,Aqua,MODIS,55,6.03,305.5,34.3,D,0
-1.5589,13.9599,339,1.1,1,2021-08-25,1235,Aqua,MODIS,62,6.03,306.1,30.8,D,0
-1.4365,13.7827,335.8,1.1,1,2021-08-25,1235,Aqua,MODIS,85,6.03,297,32.9,D,0
-1.3925,13.8376,319.1,1.1,1,2021-08-25,1235,Aqua,MODIS,43,6.03,296.8,10.6,D,0
-1.6013,13.2661,327.6,1.1,1.1,2021-08-25,1235,Aqua,MODIS,79,6.03,303.2,17,D,0
-0.7368,13.5945,315.8,1.1,1,2021-08-25,1235,Aqua,MODIS,62,6.03,296.7,8.3,D,0
-1.6939,13.2655,357.7,1.1,1.1,2021-08-25,1235,Aqua,MODIS,99,6.03,296.3,86,D,0
-1.6954,13.2554,340.4,1.1,1.1,2021-08-25,1235,Aqua,MODIS,89,6.03,295.1,43.6,D,0
-0.6462,14.4207,325.2,1,1,2021-08-25,1235,Aqua,MODIS,42,6.03,302.5,12.1,D,0
-0.6449,14.4297,325.6,1,1,2021-08-25,1235,Aqua,MODIS,43,6.03,301.9,12.7,D,0
-0.7671,13.826,315.1,1.1,1,2021-08-25,1235,Aqua,MODIS,59,6.03,297,7.2,D,0
-1.6515,13.2529,320.1,1.1,1.1,2021-08-25,1235,Aqua,MODIS,42,6.03,301.8,11.4,D,0
-0.9246,12.8514,314.9,1.2,1.1,2021-08-25,1235,Aqua,MODIS,63,6.03,299.2,8.9,D,0
-1.6817,13.2843,333.1,1.1,1.1,2021-08-25,1235,Aqua,MODIS,84,6.03,300,29,D,0
-1.5378,13.4729,322,1.1,1,2021-08-25,1235,Aqua,MODIS,62,6.03,301.7,8.9,D,0
-1.6173,12.2923,311,1.3,1.1,2021-08-25,1235,Aqua,MODIS,44,6.03,292.3,7.5,D,0
-1.2009,12.4825,316.5,1.2,1.1,2021-08-25,1235,Aqua,MODIS,68,6.03,297.5,11.2,D,0
-1.514,13.2376,329.2,1.1,1.1,2021-08-25,1235,Aqua,MODIS,81,6.03,301.3,19.8,D,0
-1.5425,13.479,332.9,1.1,1,2021-08-25,1235,Aqua,MODIS,83,6.03,301.6,25.5,D,0
-1.5364,13.4826,327.9,1.1,1,2021-08-25,1235,Aqua,MODIS,79,6.03,302.4,16.8,D,0
-1.1777,12.4347,317.2,1.2,1.1,2021-08-25,1235,Aqua,MODIS,67,6.03,299.7,10,D,0
-1.6712,12.6319,326,1.2,1.1,2021-08-25,1235,Aqua,MODIS,79,6.03,299,22.3,D,2
-1.5211,13.1876,320.2,1.1,1.1,2021-08-25,1235,Aqua,MODIS,48,6.03,301.3,8.8,D,0
-0.7419,14.0684,320.8,1,1,2021-08-25,1235,Aqua,MODIS,71,6.03,297.6,12.4,D,0
-1.3658,13.1223,315.8,1.1,1.1,2021-08-25,1235,Aqua,MODIS,55,6.03,298,8.2,D,0
-0.7432,14.0593,320.2,1,1,2021-08-25,1235,Aqua,MODIS,70,6.03,295.9,11.7,D,0
-0.6789,14.1286,334,1,1,2021-08-25,1235,Aqua,MODIS,85,6.03,298.3,27.4,D,0
-1.6084,13.6172,318.7,1.1,1,2021-08-25,1235,Aqua,MODIS,39,6.03,301.1,7.6,D,2
-1.6433,13.1077,320.2,1.1,1.1,2021-08-25,1235,Aqua,MODIS,70,6.03,299.4,12.9,D,0
-1.609,13.1439,318.7,1.1,1.1,2021-08-25,1235,Aqua,MODIS,67,6.03,299.3,11.1,D,0
-1.6252,13.6164,326.1,1.1,1,2021-08-25,1235,Aqua,MODIS,76,6.03,301.3,13.5,D,2
-1.68,13.565,319.6,1.1,1,2021-08-25,1235,Aqua,MODIS,53,6.03,300.7,8.2,D,0
-1.0969,13.5828,316.8,1.1,1,2021-08-25,1235,Aqua,MODIS,63,6.03,297.7,9.5,D,0
-1.0983,13.5732,312.7,1.1,1,2021-08-25,1235,Aqua,MODIS,42,6.03,295.7,5.6,D,0
-1.6826,12.6225,315.2,1.2,1.1,2021-08-25,1235,Aqua,MODIS,48,6.03,299.7,9.1,D,0
-1.3197,13.1052,326.4,1.1,1.1,2021-08-25,1235,Aqua,MODIS,79,6.03,299.2,20.9,D,0
-0.751,14.0698,323.2,1,1,2021-08-25,1235,Aqua,MODIS,74,6.03,296.2,14.5,D,0
-1.6238,13.6262,326.3,1.1,1,2021-08-25,1235,Aqua,MODIS,76,6.03,301,14.5,D,0
2.1599,12.1206,314.5,1.2,1.1,2021-08-25,1236,Aqua,MODIS,52,6.03,293.7,11.1,D,0
-1.9888,13.6305,302.7,2,1.4,2021-08-25,2156,Terra,MODIS,24,6.03,288.7,14.3,N,0
-1.5283,9.9575,301.7,1.1,1.1,2021-08-25,2156,Terra,MODIS,32,6.03,290.6,4.1,N,2
-1.5297,9.9474,301.1,1.1,1.1,2021-08-25,2156,Terra,MODIS,9,6.03,290.6,4,N,2
-1.9887,13.6056,306.3,2,1.4,2021-08-25,2156,Terra,MODIS,59,6.03,289.1,18.1,N,0
-1.9861,13.6236,311.9,2,1.4,2021-08-25,2156,Terra,MODIS,79,6.03,288.9,30.4,N,0
-1.9915,13.6124,325.2,2,1.4,2021-08-25,2156,Terra,MODIS,100,6.03,289.7,63.4,N,0
-1.5215,13.9642,321.2,1.6,1.3,2021-08-26,0057,Aqua,MODIS,100,6.03,290.1,39.6,N,0
-0.7341,12.9671,300.9,1.3,1.2,2021-08-26,0057,Aqua,MODIS,31,6.03,290.2,5.4,N,0
-1.5348,13.977,302.1,1.6,1.3,2021-08-26,0057,Aqua,MODIS,40,6.03,290,8.5,N,0
-1.5236,13.9787,307.4,1.6,1.3,2021-08-26,0057,Aqua,MODIS,57,6.03,289.9,16.6,N,0
-3.3274,11.3297,311.5,4.3,1.9,2021-08-26,1019,Terra,MODIS,47,6.03,288.4,52.4,D,0
-2.9704,11.042,318.3,2.1,1.4,2021-08-26,1317,Aqua,MODIS,38,6.03,289.1,27.1,D,0
-2.5598,9.8139,311.2,1.7,1.3,2021-08-26,1317,Aqua,MODIS,28,6.03,294.7,14.2,D,0
-0.2102,11.6077,317.9,2.7,1.6,2021-08-26,1318,Aqua,MODIS,73,6.03,289.4,44,D,0
-0.1086,11.619,316.7,2.7,1.6,2021-08-26,1318,Aqua,MODIS,47,6.03,294.1,26,D,0
-0.2035,11.5881,323.2,2.6,1.6,2021-08-26,1318,Aqua,MODIS,79,6.03,291.9,65.8,D,0
-0.9122,14.1284,315,4.1,1.9,2021-08-26,1318,Aqua,MODIS,58,6.03,292,50.6,D,0
-0.9142,14.088,313.3,4.1,1.9,2021-08-26,1318,Aqua,MODIS,24,6.03,292.2,45,D,0
1.6116,11.5896,308.7,2.8,1.6,2021-08-26,1318,Aqua,MODIS,51,6.03,289.1,18.7,D,2
-0.909,14.1236,318.2,4.1,1.9,2021-08-26,1318,Aqua,MODIS,73,6.03,292,74.8,D,0
-1.551,13.334,312.4,1.8,1.3,2021-08-27,1222,Aqua,MODIS,56,6.03,292.1,16,D,0
-1.5489,13.3495,310.6,1.8,1.3,2021-08-27,1222,Aqua,MODIS,33,6.03,292.7,12.3,D,0
-1.7441,13.516,392.3,1.7,1.3,2021-08-27,1222,Aqua,MODIS,100,6.03,301.9,444.2,D,0
-1.7827,14.2039,330.5,1.5,1.2,2021-08-27,1222,Aqua,MODIS,83,6.03,297.6,33.3,D,0
-1.7327,13.514,394.2,1.7,1.3,2021-08-27,1222,Aqua,MODIS,100,6.03,301.9,467.5,D,0
-1.786,14.1958,328.8,1.5,1.2,2021-08-27,1222,Aqua,MODIS,82,6.03,297.9,32.5,D,0
-1.7348,13.4992,319.3,1.7,1.3,2021-08-27,1222,Aqua,MODIS,71,6.03,297.8,19.2,D,0
-1.7463,13.5011,337.8,1.7,1.3,2021-08-27,1222,Aqua,MODIS,89,6.03,298.2,68.6,D,0
-1.6339,13.649,319.1,1.7,1.3,2021-08-27,1222,Aqua,MODIS,19,6.03,297.1,19,D,0
-1.7399,13.5459,322,1.7,1.3,2021-08-27,1222,Aqua,MODIS,75,6.03,298.2,26.1,D,0
-1.6318,13.6635,320.8,1.7,1.3,2021-08-27,1222,Aqua,MODIS,71,6.03,295,23.9,D,0
-1.6269,13.6169,317.2,1.7,1.3,2021-08-27,1222,Aqua,MODIS,42,6.03,297,13.2,D,2
-1.7305,13.529,326,1.7,1.3,2021-08-27,1222,Aqua,MODIS,50,6.03,299.6,32.8,D,0
-2.7357,10.7175,300.7,1,1,2021-08-27,2143,Terra,MODIS,32,6.03,290.5,3.4,N,0
-1.5284,9.9541,303.3,1,1,2021-08-27,2144,Terra,MODIS,54,6.03,290.7,4.4,N,2
-0.8729,9.1207,301,1.1,1,2021-08-27,2144,Terra,MODIS,36,6.03,290.3,3.4,N,0
-1.2482,9.4567,318.5,1.3,1.1,2021-08-28,0045,Aqua,MODIS,97,6.03,288.9,23.4,N,0
-1.7964,9.9004,305.2,1.2,1.1,2021-08-28,0045,Aqua,MODIS,63,6.03,290.5,7.6,N,0
-1.5249,9.954,303.3,1.2,1.1,2021-08-28,0045,Aqua,MODIS,54,6.03,290.1,6.9,N,2
-0.2321,9.3282,314.6,1.5,1.2,2021-08-28,1006,Terra,MODIS,26,6.03,293.9,13.6,D,0
-2.6891,9.9089,320.1,1.1,1.1,2021-08-28,1305,Aqua,MODIS,33,6.03,291.1,8.4,D,0
-1.6049,13.3534,319.9,2,1.4,2021-08-28,1305,Aqua,MODIS,0,6.03,273.2,44.4,D,0
-0.3695,9.3055,317.6,1.1,1,2021-08-28,1306,Aqua,MODIS,0,6.03,291.3,12.7,D,0
-1.7765,14.0245,317.3,1.6,1.2,2021-08-29,0911,Terra,MODIS,59,6.03,292.8,15.1,D,0
-1.8592,14.3357,325.3,1.5,1.2,2021-08-29,0911,Terra,MODIS,74,6.03,299.3,19.3,D,0
-2.4092,11.2713,301.2,1.2,1.1,2021-08-29,2131,Terra,MODIS,39,6.03,290.5,4.2,N,0
-2.4107,11.2603,309.5,1.2,1.1,2021-08-29,2131,Terra,MODIS,77,6.03,290.5,11.1,N,0
-3.3024,11.5243,308.6,1.2,1.1,2021-08-29,2131,Terra,MODIS,75,6.03,286.4,11.4,N,0
-3.3009,11.5351,321.3,1.2,1.1,2021-08-29,2131,Terra,MODIS,100,6.03,286.9,25.5,N,0
-0.2604,9.3388,323.2,1,1,2021-08-30,0953,Terra,MODIS,70,6.03,296.2,14.8,D,0
-0.2591,9.3296,327.3,1,1,2021-08-30,0953,Terra,MODIS,83,6.03,297.6,19.5,D,0
-1.5185,14.3496,334.6,2.3,1.5,2021-08-30,0953,Terra,MODIS,87,6.03,296.2,83.2,D,0
0.3822,9.6061,318,1.1,1,2021-08-30,0953,Terra,MODIS,59,6.03,298.1,9.2,D,0
-1.7582,13.3906,315,1.9,1.4,2021-08-30,0954,Terra,MODIS,35,6.03,296.2,17.1,D,0
-0.7917,8.8834,318.9,1,1,2021-08-30,0954,Terra,MODIS,60,6.03,300.7,10.2,D,0
-0.9421,8.9053,315.5,1,1,2021-08-30,0954,Terra,MODIS,50,6.03,296,6.8,D,0
-1.0579,9.0041,323.7,1,1,2021-08-30,0954,Terra,MODIS,76,6.03,298,15.5,D,0
-1.7135,9.2623,318.2,1.1,1,2021-08-30,0954,Terra,MODIS,49,6.03,297.8,11.7,D,0
-1.6883,13.372,314.3,1.9,1.3,2021-08-30,0954,Terra,MODIS,43,6.03,296.6,17.4,D,0
-1.7491,13.5861,315.5,2,1.4,2021-08-30,0954,Terra,MODIS,66,6.03,294.5,20.2,D,0
-1.5351,13.8331,312.7,2.1,1.4,2021-08-30,0954,Terra,MODIS,30,6.03,295.8,17.5,D,0
-3.1648,11.293,318.5,1.4,1.2,2021-08-30,0954,Terra,MODIS,32,6.03,298.5,13.5,D,0
-1.6903,13.5233,318,2,1.4,2021-08-30,0954,Terra,MODIS,61,6.03,293.7,24,D,0
-2.0526,13.9721,317.5,2.2,1.4,2021-08-30,0954,Terra,MODIS,36,6.03,297.6,25.2,D,0
-1.2212,13.8305,325.6,1.3,1.1,2021-08-30,1253,Aqua,MODIS,76,6.03,297.7,24,D,0
-1.5198,13.5324,325.7,1.2,1.1,2021-08-30,1253,Aqua,MODIS,76,6.03,296.8,19.5,D,0
-1.2149,13.4592,318.3,1.2,1.1,2021-08-30,1253,Aqua,MODIS,49,6.03,297.6,10.5,D,0
-1.5182,13.5436,349.4,1.2,1.1,2021-08-30,1253,Aqua,MODIS,94,6.03,299,71.2,D,0
-1.1237,12.4426,320.7,1.1,1,2021-08-30,1253,Aqua,MODIS,50,6.03,299.4,11,D,0
-1.1223,12.4524,321.6,1.1,1,2021-08-30,1253,Aqua,MODIS,65,6.03,298.4,12,D,2
-1.6398,13.8347,317.1,1.3,1.1,2021-08-30,1253,Aqua,MODIS,28,6.03,298.2,9.7,D,0
-1.6248,13.8674,327.1,1.3,1.1,2021-08-30,1253,Aqua,MODIS,77,6.03,298.7,25.4,D,0
-1.6265,13.856,328.1,1.3,1.1,2021-08-30,1253,Aqua,MODIS,78,6.03,299.5,25.5,D,0
-1.6296,13.7641,402.7,1.3,1.1,2021-08-30,1253,Aqua,MODIS,100,6.03,301.6,370.5,D,0
-1.8707,12.7454,314,1.1,1.1,2021-08-30,1253,Aqua,MODIS,50,6.03,294.4,7.3,D,0
-1.5906,13.6846,317.7,1.3,1.1,2021-08-30,1253,Aqua,MODIS,49,6.03,298.9,9.7,D,0
-1.7546,13.4747,315.9,1.2,1.1,2021-08-30,1253,Aqua,MODIS,38,6.03,295.4,6.8,D,0
-1.6298,13.8333,322.9,1.3,1.1,2021-08-30,1253,Aqua,MODIS,71,6.03,297.8,18.2,D,0
-1.6097,13.9002,325.6,1.3,1.1,2021-08-30,1253,Aqua,MODIS,75,6.03,299.1,22.9,D,0
-1.628,13.7752,373.4,1.3,1.1,2021-08-30,1253,Aqua,MODIS,100,6.03,291.5,171.1,D,0
-1.637,13.501,321.9,1.2,1.1,2021-08-30,1253,Aqua,MODIS,70,6.03,301,9.7,D,0
-1.6388,13.4957,329.7,1.2,1.1,2021-08-30,1253,Aqua,MODIS,80,6.03,301.4,19.2,D,0
-1.6385,13.49,324.6,1.2,1.1,2021-08-30,1253,Aqua,MODIS,74,6.03,301.1,13,D,0
-1.6137,13.4535,323.1,1.2,1.1,2021-08-30,1253,Aqua,MODIS,72,6.03,301.3,11.8,D,0
-1.6536,13.5312,322.9,1.2,1.1,2021-08-30,1253,Aqua,MODIS,72,6.03,298.4,10.5,D,0
-1.4665,11.592,314.3,1,1,2021-08-30,1253,Aqua,MODIS,64,6.03,294.1,7.7,D,0
-1.634,11.5757,318.1,1,1,2021-08-30,1253,Aqua,MODIS,71,6.03,295.9,10.8,D,0
-1.411,13.1449,324.5,1.2,1.1,2021-08-30,1253,Aqua,MODIS,71,6.03,297.9,17.9,D,0
-1.7198,13.4194,318.3,1.2,1.1,2021-08-30,1253,Aqua,MODIS,44,6.03,298,7.3,D,0
-1.4347,13.7693,332.6,1.3,1.1,2021-08-30,1253,Aqua,MODIS,83,6.03,299,35.6,D,0
-1.8453,11.9048,311.7,1,1,2021-08-30,1253,Aqua,MODIS,48,6.03,293.7,4.9,D,0
-1.6607,11.5862,322.6,1,1,2021-08-30,1253,Aqua,MODIS,77,6.03,295.1,15.2,D,0
-1.8757,11.8773,310.9,1,1,2021-08-30,1253,Aqua,MODIS,31,6.03,292.9,4,D,0
-1.4114,13.5114,316,1.2,1.1,2021-08-30,1253,Aqua,MODIS,54,6.03,298,7.8,D,0
-1.9107,11.8917,322.8,1,1,2021-08-30,1253,Aqua,MODIS,40,6.03,295.2,12.3,D,0
-1.6044,14.3522,334.7,1.4,1.2,2021-08-30,1253,Aqua,MODIS,78,6.03,303.4,34,D,0
-1.6081,14.3458,328.1,1.4,1.2,2021-08-30,1253,Aqua,MODIS,74,6.03,302,20.7,D,0
-1.5977,14.3445,324.1,1.4,1.2,2021-08-30,1253,Aqua,MODIS,51,6.03,301.1,13.2,D,0
-1.9171,11.9115,323.3,1,1,2021-08-30,1253,Aqua,MODIS,42,6.03,297.2,12.9,D,0
-1.6552,13.5203,323.4,1.2,1.1,2021-08-30,1253,Aqua,MODIS,72,6.03,302.5,11.4,D,0
-1.0712,11.2,320.4,1,1,2021-08-30,1253,Aqua,MODIS,74,6.03,294.9,13,D,0
-1.6689,13.6337,323.6,1.2,1.1,2021-08-30,1253,Aqua,MODIS,72,6.03,300.6,15.6,D,0
-1.5244,13.2921,332.8,1.2,1.1,2021-08-30,1253,Aqua,MODIS,83,6.03,298.6,28.8,D,0
-1.5335,14.3481,322.3,1.4,1.2,2021-08-30,1253,Aqua,MODIS,51,6.03,300.4,11.7,D,0
-1.6523,13.6091,335.1,1.2,1.1,2021-08-30,1253,Aqua,MODIS,85,6.03,298.2,32.5,D,2
-1.68,13.5572,322,1.2,1.1,2021-08-30,1253,Aqua,MODIS,45,6.03,298.6,11.7,D,0
-1.6784,13.5679,322.8,1.2,1.1,2021-08-30,1253,Aqua,MODIS,56,6.03,299,12.6,D,0
-1.672,13.6119,327.4,1.2,1.1,2021-08-30,1253,Aqua,MODIS,62,6.03,300.1,19.5,D,0
-1.6081,13.9116,321.8,1.3,1.1,2021-08-30,1253,Aqua,MODIS,69,6.03,298.6,16.8,D,0
-1.565,13.1476,316,1.2,1.1,2021-08-30,1253,Aqua,MODIS,57,6.03,297.4,8.6,D,0
-1.6883,13.5694,320.2,1.2,1.1,2021-08-30,1253,Aqua,MODIS,21,6.03,299.3,10,D,0
-1.6103,13.2032,315.6,1.2,1.1,2021-08-30,1253,Aqua,MODIS,53,6.03,293.8,8.8,D,0
-1.3117,12.2168,314.1,1.1,1,2021-08-30,1253,Aqua,MODIS,51,6.03,297.3,7.3,D,0
-1.1832,13.8901,316.5,1.3,1.1,2021-08-30,1253,Aqua,MODIS,57,6.03,296.4,10.2,D,0
-1.5774,13.3607,340.1,1.2,1.1,2021-08-30,1253,Aqua,MODIS,84,6.03,299.6,43.5,D,0
-2.0089,13.6181,322.6,1.2,1.1,2021-08-30,1253,Aqua,MODIS,27,6.03,300.9,13.8,D,0
-1.5803,13.6155,318.8,1.2,1.1,2021-08-30,1253,Aqua,MODIS,37,6.03,299.4,10.1,D,0
-1.5787,13.6264,316.9,1.2,1.1,2021-08-30,1253,Aqua,MODIS,33,6.03,297.9,8.1,D,0
-1.3219,13.2827,323,1.2,1.1,2021-08-30,1253,Aqua,MODIS,73,6.03,297.9,17.1,D,0
-1.4731,13.3712,319.8,1.2,1.1,2021-08-30,1253,Aqua,MODIS,55,6.03,298.7,10.4,D,0
-1.4724,13.3654,326.2,1.2,1.1,2021-08-30,1253,Aqua,MODIS,72,6.03,300,20.4,D,0
-1.2216,13.4825,329.6,1.2,1.1,2021-08-30,1253,Aqua,MODIS,81,6.03,300.9,27,D,0
-1.2232,13.4716,321.5,1.2,1.1,2021-08-30,1253,Aqua,MODIS,71,6.03,299.2,14.9,D,0
-0.818,12.7238,322.9,1.1,1.1,2021-08-30,1253,Aqua,MODIS,71,6.03,302.5,15.4,D,2
-0.8599,12.664,314.4,1.1,1.1,2021-08-30,1253,Aqua,MODIS,43,6.03,297.2,6.6,D,0
-1.4747,13.3607,320.1,1.2,1.1,2021-08-30,1253,Aqua,MODIS,51,6.03,300.2,9.9,D,0
-1.1596,13.8394,320.3,1.3,1.1,2021-08-30,1253,Aqua,MODIS,68,6.03,296,16.1,D,0
-1.1849,13.8786,321.5,1.3,1.1,2021-08-30,1253,Aqua,MODIS,71,6.03,299.4,16.9,D,2
-1.2133,13.4701,329.2,1.2,1.1,2021-08-30,1253,Aqua,MODIS,81,6.03,298.7,26.3,D,0
0.5724,9.3758,317.9,1,1,2021-08-30,1254,Aqua,MODIS,71,6.03,295.3,8.9,D,0
0.5303,11.4597,315.8,1,1,2021-08-30,1254,Aqua,MODIS,66,6.03,297.6,8.1,D,2
-0.7408,12.9634,303.2,1.4,1.2,2021-08-31,2119,Terra,MODIS,54,6.03,288.2,8.3,N,0
-1.5477,14.4174,304.4,1.2,1.1,2021-08-31,2119,Terra,MODIS,60,6.03,290.3,7.1,N,0
-1.7973,13.833,311.7,1.2,1.1,2021-09-01,0941,Terra,MODIS,36,6.03,289.1,7.6,D,0
-1.7991,14.1968,324.1,1.3,1.1,2021-09-01,0941,Terra,MODIS,69,6.03,298.2,15.8,D,0
-1.528,13.5363,316.4,1.2,1.1,2021-09-01,0941,Terra,MODIS,64,6.03,292.2,10.5,D,0
-1.5264,13.5256,319.8,1.2,1.1,2021-09-01,0941,Terra,MODIS,71,6.03,291.8,14.5,D,0
-1.8008,14.2085,328.2,1.3,1.1,2021-09-01,0941,Terra,MODIS,73,6.03,297.4,22.6,D,0
-3.2046,11.3536,325.4,1,1,2021-09-01,0942,Terra,MODIS,79,6.03,296,16.5,D,0
-2.7868,10.7008,318.9,1,1,2021-09-01,0942,Terra,MODIS,28,6.03,300.4,9.3,D,0
-2.7855,10.6919,317.4,1,1,2021-09-01,0942,Terra,MODIS,59,6.03,297.7,9.1,D,0
-2.8241,10.7682,330,1,1,2021-09-01,0942,Terra,MODIS,74,6.03,296.6,18.7,D,0
-2.8318,10.758,322.1,1,1,2021-09-01,0942,Terra,MODIS,60,6.03,298.9,10.6,D,0
-2.7655,10.8097,320,1,1,2021-09-01,0942,Terra,MODIS,37,6.03,295.1,7.7,D,0
-2.7745,10.8085,320.2,1,1,2021-09-01,0942,Terra,MODIS,52,6.03,297.2,8.3,D,0
-3.0898,11.0733,323.4,1,1,2021-09-01,0942,Terra,MODIS,77,6.03,296.9,14.2,D,0
-1.956,9.8787,308.2,1,1,2021-09-01,0942,Terra,MODIS,37,6.03,290.5,4.5,D,2
-3.2059,11.3627,315.7,1,1,2021-09-01,0942,Terra,MODIS,66,6.03,292.9,6.9,D,0
-3.1956,11.3549,326,1,1,2021-09-01,0942,Terra,MODIS,80,6.03,294.5,17,D,0
-2.5908,11.4381,316.9,1,1,2021-09-01,0942,Terra,MODIS,57,6.03,293.9,7.6,D,0
-2.5895,11.4291,323,1,1,2021-09-01,0942,Terra,MODIS,78,6.03,296.7,14.1,D,0
-3.2344,10.5511,317.1,1,1,2021-09-01,0942,Terra,MODIS,46,6.03,300.6,9.2,D,0
-2.7859,10.6886,329.4,1.3,1.1,2021-09-01,1240,Aqua,MODIS,41,6.03,299.3,29.8,D,0
-3.228,11.1111,321,1.3,1.1,2021-09-01,1240,Aqua,MODIS,72,6.03,295.7,16.3,D,0
-0.9042,14.3829,354.3,1,1,2021-09-01,1241,Aqua,MODIS,97,6.03,298.3,62,D,0
-1.8144,13.6158,315,1,1,2021-09-01,1241,Aqua,MODIS,57,6.03,293.2,6.5,D,0
-1.1778,13.8869,315.3,1,1,2021-09-01,1241,Aqua,MODIS,27,6.03,292.9,6.7,D,0
0.323,12.1494,314.3,1,1,2021-09-01,1241,Aqua,MODIS,65,6.03,293.4,9.1,D,0
-0.5894,14.3959,323.6,1,1,2021-09-01,1241,Aqua,MODIS,77,6.03,298.4,11.8,D,0
-1.0586,14.0085,342.4,1,1,2021-09-01,1241,Aqua,MODIS,91,6.03,297.5,39.3,D,0
-0.9029,14.3919,344.5,1,1,2021-09-01,1241,Aqua,MODIS,92,6.03,296.8,40.9,D,0
-0.9966,14.0576,329.3,1,1,2021-09-01,1241,Aqua,MODIS,53,6.03,298.9,17.1,D,0
-1.1599,13.8843,317.8,1,1,2021-09-01,1241,Aqua,MODIS,31,6.03,293.6,8.4,D,0
-0.9954,14.0665,329.3,1,1,2021-09-01,1241,Aqua,MODIS,61,6.03,301.7,15.5,D,0
-1.5883,13.1997,320.2,1,1,2021-09-01,1241,Aqua,MODIS,72,6.03,292.4,12.1,D,0
-1.6113,13.237,327.1,1,1,2021-09-01,1241,Aqua,MODIS,80,6.03,293.1,17.9,D,0
-2.6504,10.7881,320.2,1.3,1.1,2021-09-01,1241,Aqua,MODIS,76,6.03,291.8,19.2,D,0
-1.6937,13.3004,315.3,1,1,2021-09-01,1241,Aqua,MODIS,48,6.03,293.1,6.7,D,0
-1.179,13.878,316.9,1,1,2021-09-01,1241,Aqua,MODIS,28,6.03,294.7,7.7,D,2
-0.664,14.4493,322,1,1,2021-09-01,1241,Aqua,MODIS,50,6.03,294.6,10,D,0
-1.61,13.246,331.4,1,1,2021-09-01,1241,Aqua,MODIS,84,6.03,292.3,22.5,D,0
-1.8011,13.8375,316.6,1,1,2021-09-01,1241,Aqua,MODIS,59,6.03,293.5,8.5,D,0
-1.6357,13.2589,328.8,1,1,2021-09-01,1241,Aqua,MODIS,76,6.03,296.5,19.6,D,0
-1.5805,13.2536,322.1,1,1,2021-09-01,1241,Aqua,MODIS,49,6.03,297,11.8,D,0
-1.6911,13.2543,313.4,1,1,2021-09-01,1241,Aqua,MODIS,56,6.03,293.1,6.8,D,0
-1.695,13.2915,361.2,1,1,2021-09-01,1241,Aqua,MODIS,100,6.03,296.6,84.5,D,0
-1.6305,14.3257,330.3,1,1,2021-09-01,1241,Aqua,MODIS,53,6.03,300.8,13.1,D,0
-1.6292,14.3346,333.7,1,1,2021-09-01,1241,Aqua,MODIS,77,6.03,301.2,18.7,D,0
-1.8089,14.0383,328,1,1,2021-09-01,1241,Aqua,MODIS,71,6.03,304.2,12.1,D,0
-1.5116,13.7986,328.8,1,1,2021-09-01,1241,Aqua,MODIS,81,6.03,292.2,21.9,D,0
-1.1087,14.1134,328.9,1,1,2021-09-01,1241,Aqua,MODIS,55,6.03,297.5,15.4,D,0
-1.1075,14.1223,340.8,1,1,2021-09-01,1241,Aqua,MODIS,90,6.03,297.4,32.1,D,0
0.2031,13.563,314.2,1,1,2021-09-01,1241,Aqua,MODIS,62,6.03,291.1,8.4,D,0
-1.763,13.0718,322.3,1,1,2021-09-01,1241,Aqua,MODIS,75,6.03,292.1,15.3,D,0
-2.592,11.4294,314.8,1.2,1.1,2021-09-01,1241,Aqua,MODIS,54,6.03,292.5,9,D,0
-1.1764,12.4781,314.7,1,1,2021-09-01,1241,Aqua,MODIS,61,6.03,295,7.8,D,0
-1.5565,13.5573,338.9,1,1,2021-09-01,1241,Aqua,MODIS,89,6.03,294.3,33.7,D,0
-2.7754,10.6851,309,1.5,1.2,2021-09-01,2202,Terra,MODIS,76,6.03,289.8,17.1,N,0
-1.3626,14.2572,301.6,3,1.7,2021-09-01,2202,Terra,MODIS,42,6.03,287.2,22.2,N,0
-3.2434,11.1022,302,1.6,1.2,2021-09-01,2202,Terra,MODIS,46,6.03,289.9,10,N,0
-2.7467,10.8069,307.3,1.5,1.2,2021-09-01,2202,Terra,MODIS,71,6.03,289.2,16.4,N,0
-1.5223,9.9627,300.8,1.1,1.1,2021-09-02,0103,Aqua,MODIS,33,6.03,290.1,4.2,N,2
-1.5208,9.9525,305.2,1.1,1.1,2021-09-02,0103,Aqua,MODIS,63,6.03,290.1,7.3,N,2
-1.9305,12.8443,325.1,1.5,1.2,2021-09-03,1228,Aqua,MODIS,76,6.03,288.2,31.2,D,0
-1.9281,12.8385,324.5,1.5,1.2,2021-09-03,1228,Aqua,MODIS,81,6.03,287.8,31.3,D,0
-1.5793,13.6908,315.2,1.3,1.1,2021-09-03,1228,Aqua,MODIS,48,6.03,288.7,14.3,D,0
-2.9143,10.7556,305.4,1,1,2021-09-03,2149,Terra,MODIS,64,6.03,289.9,6.6,N,0
-2.6527,11.495,300.6,1.1,1.1,2021-09-03,2149,Terra,MODIS,30,6.03,289.1,4.5,N,0
-1.481,13.5115,305.2,1.5,1.2,2021-09-03,2150,Terra,MODIS,63,6.03,289,12.2,N,0
-1.4831,13.4976,303.6,1.5,1.2,2021-09-03,2150,Terra,MODIS,56,6.03,288.5,9.8,N,0
-1.4701,13.4891,316.1,1.5,1.2,2021-09-03,2150,Terra,MODIS,92,6.03,288.7,25.2,N,0
-1.4682,13.5028,340,1.5,1.2,2021-09-03,2150,Terra,MODIS,100,6.03,289.8,79.7,N,0
-1.4791,13.5044,310.5,1.5,1.2,2021-09-03,2150,Terra,MODIS,80,6.03,288.9,17.5,N,0
-1.0188,13.2043,309.9,1.5,1.2,2021-09-03,2150,Terra,MODIS,79,6.03,287.4,16.8,N,0
-1.4722,13.4958,338.7,1.5,1.2,2021-09-03,2150,Terra,MODIS,100,6.03,289.4,75.2,N,0
-1.5209,9.9473,301.2,1,1,2021-09-03,2150,Terra,MODIS,39,6.03,288.8,3.8,N,2
-1.5908,9.9726,302.1,1,1,2021-09-03,2150,Terra,MODIS,47,6.03,288.3,4.3,N,0
-1.5196,9.9564,300.3,1,1,2021-09-03,2150,Terra,MODIS,23,6.03,288.5,3.4,N,2
-1.4702,13.5095,319.3,1.5,1.2,2021-09-03,2150,Terra,MODIS,98,6.03,289.1,30.9,N,0
-3.0404,11.009,318.9,1.6,1.3,2021-09-04,1311,Aqua,MODIS,56,6.03,291.3,18.1,D,0
-3.0381,11.0243,321,1.6,1.3,2021-09-04,1311,Aqua,MODIS,54,6.03,293.1,22.6,D,0
-3.0579,10.9687,330.2,1.6,1.2,2021-09-04,1311,Aqua,MODIS,83,6.03,290.9,43.4,D,0
-0.9718,14.3702,382.4,1.2,1.1,2021-09-05,0917,Terra,MODIS,100,6.03,302.6,204.9,D,0
-0.9801,14.358,327.1,1.2,1.1,2021-09-05,0917,Terra,MODIS,78,6.03,299.1,16.6,D,0
-1.5356,13.4105,317.6,1.4,1.2,2021-09-05,0917,Terra,MODIS,61,6.03,294.4,13.3,D,0
-1.811,14.103,334.1,1.3,1.1,2021-09-05,0917,Terra,MODIS,84,6.03,296.1,31.9,D,0
-0.9834,14.3798,338.3,1.2,1.1,2021-09-05,0917,Terra,MODIS,88,6.03,299.6,37.5,D,0
-0.9735,14.3812,376.6,1.2,1.1,2021-09-05,0917,Terra,MODIS,100,6.03,298.7,172.4,D,0
-0.99,14.3565,322.4,1.2,1.1,2021-09-05,0917,Terra,MODIS,72,6.03,300,10.8,D,0
-1.4806,13.3289,318.5,1.4,1.2,2021-09-05,0917,Terra,MODIS,60,6.03,294.2,14.4,D,0
-2.3557,14.1892,343.8,1.2,1.1,2021-09-05,0917,Terra,MODIS,92,6.03,283.8,57.4,D,0
-0.9817,14.3689,352.3,1.2,1.1,2021-09-05,0917,Terra,MODIS,96,6.03,301.8,73.5,D,0
-1.8027,14.1153,324.2,1.2,1.1,2021-09-05,0917,Terra,MODIS,65,6.03,297.2,15.3,D,0
-2.3541,14.1783,340,1.2,1.1,2021-09-05,0917,Terra,MODIS,90,6.03,282.9,49.2,D,0
-1.5098,13.8017,312.6,2.1,1.4,2021-09-05,1216,Aqua,MODIS,55,6.03,291.2,19.9,D,0
-1.6137,13.9046,310.7,2.1,1.4,2021-09-05,1216,Aqua,MODIS,16,6.03,290.7,13.6,D,0
-1.6134,13.8994,313.5,2.1,1.4,2021-09-05,1216,Aqua,MODIS,43,6.03,291,18.9,D,0
-1.6046,13.7831,311.5,2.1,1.4,2021-09-05,1216,Aqua,MODIS,47,6.03,291.1,20,D,0
-1.5129,13.7897,315.9,2.1,1.4,2021-09-05,1216,Aqua,MODIS,53,6.03,293.2,26.9,D,2
-1.6369,13.8313,315,2.1,1.4,2021-09-05,1216,Aqua,MODIS,61,6.03,289.9,27.4,D,0
-2.3444,14.1893,323.7,2.1,1.4,2021-09-05,1216,Aqua,MODIS,75,6.03,294,38.6,D,0
-0.9837,14.392,323.7,1.9,1.3,2021-09-05,1216,Aqua,MODIS,36,6.03,295.6,25.7,D,0
-1.572,14.0075,322.4,2.1,1.4,2021-09-05,1216,Aqua,MODIS,64,6.03,296.6,29.5,D,0
-1.5843,14.0101,323.9,2.1,1.4,2021-09-05,1216,Aqua,MODIS,71,6.03,296,33.9,D,0
-1.5731,14.0131,328.5,2.1,1.4,2021-09-05,1216,Aqua,MODIS,81,6.03,296.9,49,D,0
-1.3977,14.1404,319.9,2,1.4,2021-09-05,1216,Aqua,MODIS,58,6.03,294.6,27.1,D,0
-0.5361,14.3585,319.1,1.9,1.3,2021-09-05,1216,Aqua,MODIS,44,6.03,295.6,19.6,D,0
-0.5421,14.3665,318.9,1.9,1.3,2021-09-05,1216,Aqua,MODIS,63,6.03,295.1,19.5,D,0
-1.6074,13.7639,310.7,2.2,1.4,2021-09-05,1216,Aqua,MODIS,38,6.03,290.6,18.5,D,0
-1.0004,14.3603,334.9,1.9,1.3,2021-09-05,1216,Aqua,MODIS,87,6.03,298,59,D,0
-1.3953,14.1349,319.4,2,1.4,2021-09-05,1216,Aqua,MODIS,37,6.03,294.4,23.1,D,0
-1.5899,13.1573,315.2,2.4,1.5,2021-09-05,1216,Aqua,MODIS,63,6.03,289,32.5,D,0
-1.6067,13.7689,314.6,2.2,1.4,2021-09-05,1216,Aqua,MODIS,59,6.03,291.1,25.4,D,0
-1.8206,14.0975,321.3,2,1.4,2021-09-05,1216,Aqua,MODIS,53,6.03,296.3,20.2,D,0
-1.3222,13.2777,309.2,2.3,1.5,2021-09-05,1216,Aqua,MODIS,44,6.03,287.3,18.2,D,0
-1.325,13.257,314.2,2.3,1.5,2021-09-05,1216,Aqua,MODIS,65,6.03,288.2,32.3,D,0
-1.3261,13.2731,314.1,2.3,1.5,2021-09-05,1216,Aqua,MODIS,65,6.03,287.3,31,D,0
-1.3291,13.2525,310.4,2.3,1.5,2021-09-05,1216,Aqua,MODIS,54,6.03,287.9,22.5,D,0
-1.2016,13.3111,318.4,2.3,1.5,2021-09-05,1216,Aqua,MODIS,54,6.03,292.4,38.8,D,0
-2.3588,14.1795,305.9,1.1,1,2021-09-05,2137,Terra,MODIS,42,6.03,286.8,7.3,N,0
-3.1117,11.0842,307.2,1.1,1,2021-09-05,2137,Terra,MODIS,71,6.03,289.9,8.3,N,0
-1.9561,9.8737,302.4,1.2,1.1,2021-09-05,2137,Terra,MODIS,49,6.03,289.6,6.3,N,2
-1.7993,9.893,303.5,1.2,1.1,2021-09-05,2137,Terra,MODIS,56,6.03,289.7,6.3,N,0
-2.3601,14.1701,304.8,1.1,1,2021-09-05,2137,Terra,MODIS,17,6.03,286.6,6.2,N,0
-2.321,14.1971,319.2,1.1,1,2021-09-05,2137,Terra,MODIS,98,6.03,288,19.8,N,0
-3.1103,11.0937,318.4,1.1,1,2021-09-05,2137,Terra,MODIS,97,6.03,290.3,18,N,0
-2.3196,14.2067,328.9,1.1,1,2021-09-05,2137,Terra,MODIS,100,6.03,285.7,31.6,N,0
-2.3103,14.2054,313.8,1.1,1,2021-09-05,2137,Terra,MODIS,88,6.03,286.2,14.6,N,0
-1.5249,9.9532,314.1,1.2,1.1,2021-09-05,2138,Terra,MODIS,89,6.03,289.9,15.1,N,2
-1.0289,14.2705,315.7,1,1,2021-09-06,0038,Aqua,MODIS,80,6.03,287.6,13.9,N,0
-1.0302,14.2794,318.2,1,1,2021-09-06,0038,Aqua,MODIS,95,6.03,284.3,16.3,N,0
-1.0378,14.2692,305.3,1,1,2021-09-06,0038,Aqua,MODIS,24,6.03,286.9,6.9,N,0
-1.0315,14.2883,310,1,1,2021-09-06,0038,Aqua,MODIS,42,6.03,283.6,10.4,N,0
-2.3591,14.1759,300.4,1,1,2021-09-06,0039,Aqua,MODIS,21,6.03,288.8,3.9,N,0
-2.3746,14.158,313.3,1,1,2021-09-06,0039,Aqua,MODIS,87,6.03,289.2,12.5,N,0
-2.367,14.1682,324.9,1,1,2021-09-06,0039,Aqua,MODIS,100,6.03,289.8,23.4,N,0
-2.8969,11.6222,316.9,1.9,1.4,2021-09-06,1000,Terra,MODIS,59,6.03,289.4,24.6,D,0
-2.9512,10.9384,313.4,1.7,1.3,2021-09-06,1000,Terra,MODIS,26,6.03,290,13.6,D,0
-2.9044,11.0216,313,1.7,1.3,2021-09-06,1000,Terra,MODIS,70,6.03,290,15.3,D,0
-3.4922,11.772,316.3,2,1.4,2021-09-06,1000,Terra,MODIS,71,6.03,287,27,D,0
-2.8848,11.6239,320.7,1.9,1.4,2021-09-06,1000,Terra,MODIS,69,6.03,291.6,33,D,0
-2.9545,10.8092,311.5,1.7,1.3,2021-09-06,1000,Terra,MODIS,35,6.03,293.2,12.5,D,0
-3.0168,10.3583,327.1,1.5,1.2,2021-09-06,1000,Terra,MODIS,78,6.03,292.7,35.9,D,0
-3.0187,10.3721,322.4,1.6,1.2,2021-09-06,1000,Terra,MODIS,79,6.03,293,25.7,D,0
-3.2606,11.4279,354.7,1.9,1.3,2021-09-06,1000,Terra,MODIS,98,6.03,290.9,169.7,D,0
-3.251,11.4462,308.7,1.9,1.3,2021-09-06,1000,Terra,MODIS,37,6.03,286.1,9.4,D,0
-3.263,11.4446,349.1,1.9,1.3,2021-09-06,1000,Terra,MODIS,95,6.03,290.9,139.9,D,0
-1.6707,13.3098,313.9,2.5,1.5,2021-09-06,1000,Terra,MODIS,71,6.03,287.1,31.1,D,0
-1.6274,13.4409,322.1,1.5,1.2,2021-09-06,1259,Aqua,MODIS,76,6.03,296.4,19.8,D,0
-1.6222,13.1505,321.2,1.5,1.2,2021-09-06,1259,Aqua,MODIS,67,6.03,294.4,21.3,D,0
-0.824,12.72,317.8,1.4,1.2,2021-09-06,1259,Aqua,MODIS,63,6.03,292.3,15.8,D,0
-2.785,11.5382,318.6,1.1,1.1,2021-09-06,1259,Aqua,MODIS,62,6.03,292.7,10.4,D,0
-3.4964,11.7741,313.9,1.1,1.1,2021-09-06,1259,Aqua,MODIS,43,6.03,285,8,D,0
-3.533,11.7898,325.2,1.1,1.1,2021-09-06,1259,Aqua,MODIS,54,6.03,288.6,17.2,D,0
-3.5439,11.781,322.5,1.1,1.1,2021-09-06,1259,Aqua,MODIS,79,6.03,285.6,15.3,D,0
-3.5425,11.7911,320.9,1.1,1.1,2021-09-06,1259,Aqua,MODIS,67,6.03,285.7,12.6,D,0
-1.794,14.112,315.8,1.7,1.3,2021-09-06,1259,Aqua,MODIS,51,6.03,285.1,11.7,D,0
-2.8431,11.0766,325.8,1.1,1,2021-09-06,1259,Aqua,MODIS,61,6.03,284.9,21.9,D,0
-1.6372,13.5269,317.9,1.5,1.2,2021-09-06,1259,Aqua,MODIS,0,6.03,292.2,13.4,D,0
-0.7922,12.7919,309.1,1.4,1.2,2021-09-06,1259,Aqua,MODIS,43,6.03,283.8,8.5,D,0
-0.8257,12.7079,323.8,1.4,1.2,2021-09-06,1259,Aqua,MODIS,69,6.03,293.4,26.2,D,0
-2.4073,11.2403,322.9,1.1,1,2021-09-06,1259,Aqua,MODIS,49,6.03,296.2,13.9,D,0
-1.6392,13.513,330.9,1.5,1.2,2021-09-06,1259,Aqua,MODIS,73,6.03,295.4,39.8,D,0
-2.4016,11.2796,328.3,1.1,1,2021-09-06,1259,Aqua,MODIS,77,6.03,294.7,18.8,D,0
-1.4313,13.5264,334,1.6,1.2,2021-09-06,1259,Aqua,MODIS,87,6.03,294.2,53.3,D,0
-1.8425,13.005,315.1,1.4,1.2,2021-09-06,1259,Aqua,MODIS,55,6.03,278.9,18.7,D,0
-1.8443,12.9925,333.1,1.4,1.2,2021-09-06,1259,Aqua,MODIS,86,6.03,283,51.6,D,0
-1.7524,13.3703,344.8,1.5,1.2,2021-09-06,1259,Aqua,MODIS,93,6.03,296.4,78,D,0
-1.5651,13.1688,318,1.5,1.2,2021-09-06,1259,Aqua,MODIS,33,6.03,292.7,17.2,D,0
-3.1342,11.1091,331.8,1.1,1,2021-09-06,1259,Aqua,MODIS,81,6.03,290.1,24,D,0
-3.1434,11.1104,331.1,1.1,1,2021-09-06,1259,Aqua,MODIS,81,6.03,291.8,23.9,D,0
-1.6272,13.1436,317.7,1.5,1.2,2021-09-06,1259,Aqua,MODIS,65,6.03,295,16.6,D,0
-1.6252,13.1565,313.3,1.5,1.2,2021-09-06,1259,Aqua,MODIS,50,6.03,293.3,10.6,D,0
-2.444,11.4843,319.3,1.1,1.1,2021-09-06,1259,Aqua,MODIS,60,6.03,296.7,10.4,D,0
-2.5033,10.5744,320.9,1,1,2021-09-06,1259,Aqua,MODIS,50,6.03,288.7,11.5,D,0
-1.0371,11.099,315.7,1.1,1.1,2021-09-06,1259,Aqua,MODIS,0,6.03,283.9,11.9,D,0
-2.5046,10.5651,322.5,1,1,2021-09-06,1259,Aqua,MODIS,30,6.03,289.6,13,D,0
-1.5896,13.2256,322.2,1.5,1.2,2021-09-06,1259,Aqua,MODIS,61,6.03,297.1,19.2,D,0
-2.8926,10.9966,329,1.1,1,2021-09-06,1259,Aqua,MODIS,79,6.03,286.3,23,D,0
-1.002,14.1814,312.1,1.8,1.3,2021-09-06,1259,Aqua,MODIS,28,6.03,275.4,15.9,D,0
-1.2306,12.0945,318.1,1.3,1.1,2021-09-06,1259,Aqua,MODIS,73,6.03,292.8,14.9,D,0
-2.9124,10.9899,315.5,1.1,1,2021-09-06,1259,Aqua,MODIS,29,6.03,287.4,5.8,D,0
-1.0055,14.175,311.8,1.8,1.3,2021-09-06,1259,Aqua,MODIS,47,6.03,276.6,17,D,0
-2.1431,11.1531,314.7,1.1,1,2021-09-06,1259,Aqua,MODIS,27,6.03,290.1,4.8,D,0
-2.9215,11.6366,343.7,1.1,1.1,2021-09-06,1259,Aqua,MODIS,93,6.03,293.7,49.1,D,0
-2.92,11.6467,335.5,1.1,1.1,2021-09-06,1259,Aqua,MODIS,62,6.03,286.1,31.2,D,0
-2.9405,11.6393,324.9,1.1,1.1,2021-09-06,1259,Aqua,MODIS,60,6.03,287.2,19.9,D,0
-2.1933,11.1171,319.4,1.1,1,2021-09-06,1259,Aqua,MODIS,59,6.03,296.6,10.7,D,0
-1.4712,11.5549,313.3,1.2,1.1,2021-09-06,1259,Aqua,MODIS,44,6.03,292.1,8.2,D,0
-3.3712,11.5694,318.2,1.1,1.1,2021-09-06,1259,Aqua,MODIS,59,6.03,291.7,7.8,D,0
-1.2061,14.1447,320.4,3.5,1.8,2021-09-07,1204,Aqua,MODIS,50,6.03,293.7,53.5,D,0
-2.7212,11.5139,304.9,1.5,1.2,2021-09-07,2125,Terra,MODIS,62,6.03,287.4,12.6,N,0
-1.7417,13.3688,301.4,1.1,1.1,2021-09-07,2125,Terra,MODIS,36,6.03,290.1,4.7,N,2
-3.3263,11.4609,310.7,1.6,1.2,2021-09-07,2125,Terra,MODIS,81,6.03,288.8,20.1,N,0
-3.4657,11.6996,319.8,1.5,1.2,2021-09-07,2125,Terra,MODIS,99,6.03,288.2,32,N,0
-2.1672,14.1874,327.7,1.1,1,2021-09-07,2125,Terra,MODIS,100,6.03,290.6,27.8,N,0
-3.3281,11.4473,315.1,1.6,1.2,2021-09-07,2125,Terra,MODIS,91,6.03,289.8,26.4,N,0
-2.1936,14.1881,302.7,1.1,1,2021-09-07,2125,Terra,MODIS,47,6.03,290.5,4.8,N,0
-2.1659,14.1969,322.8,1.1,1,2021-09-07,2125,Terra,MODIS,100,6.03,291.3,21.8,N,0
-2.1567,14.1957,334.1,1.1,1,2021-09-07,2125,Terra,MODIS,100,6.03,291.5,37.1,N,0
-1.7332,10.3891,300.8,1.8,1.3,2021-09-07,2125,Terra,MODIS,34,6.03,290.6,7.3,N,0
-2.4519,11.4717,317.3,1.5,1.2,2021-09-07,2125,Terra,MODIS,95,6.03,279.7,31.9,N,0
-2.4538,11.4583,300.5,1.5,1.2,2021-09-07,2125,Terra,MODIS,26,6.03,273.9,10.9,N,0
-2.1844,14.1867,303.4,1.1,1,2021-09-07,2125,Terra,MODIS,48,6.03,290.4,5.1,N,0
0.2266,11.9271,303.1,1.3,1.1,2021-09-07,2126,Terra,MODIS,53,6.03,290.5,6.8,N,0
-1.8337,13.934,310.6,1.6,1.2,2021-09-08,0947,Terra,MODIS,44,6.03,284.7,14.1,D,0
-2.835,10.8761,318.1,1.1,1,2021-09-08,0948,Terra,MODIS,54,6.03,293.6,8.6,D,0
-2.8364,10.8858,318.6,1.1,1,2021-09-08,0948,Terra,MODIS,53,6.03,294.1,9.5,D,0
-2.8003,11.0755,314,1.1,1,2021-09-08,0948,Terra,MODIS,53,6.03,291.6,8.1,D,0
-3.2659,11.6452,333.1,1,1,2021-09-08,1246,Aqua,MODIS,59,6.03,300.1,23.7,D,0
-3.322,11.447,324.6,1,1,2021-09-08,1246,Aqua,MODIS,61,6.03,301.1,9.2,D,0
-3.3911,11.6035,357.8,1,1,2021-09-08,1246,Aqua,MODIS,99,6.03,305.2,69.5,D,0
-3.3847,11.5838,325.1,1,1,2021-09-08,1246,Aqua,MODIS,71,6.03,304.7,9.8,D,0
-3.2863,11.8859,334.8,1,1,2021-09-08,1246,Aqua,MODIS,86,6.03,302.3,22.3,D,0
-3.3989,11.614,325.6,1,1,2021-09-08,1246,Aqua,MODIS,38,6.03,303.2,10.7,D,0
-3.4002,11.6048,326,1,1,2021-09-08,1246,Aqua,MODIS,37,6.03,303.8,10.7,D,0
-3.2786,11.8755,335.8,1,1,2021-09-08,1246,Aqua,MODIS,86,6.03,306.7,23.7,D,0
-3.2452,11.5299,322.5,1,1,2021-09-08,1246,Aqua,MODIS,33,6.03,305.9,12,D,0
-3.2727,11.3357,324.3,1,1,2021-09-08,1246,Aqua,MODIS,35,6.03,303.5,8.1,D,0
-3.3898,11.6127,363.3,1,1,2021-09-08,1246,Aqua,MODIS,100,6.03,302.9,85.1,D,0
-3.4096,11.6033,324.5,1,1,2021-09-08,1246,Aqua,MODIS,45,6.03,303.4,9.5,D,0
-3.2805,11.3464,325.3,1,1,2021-09-08,1246,Aqua,MODIS,27,6.03,303.4,8.7,D,0
-3.2672,11.6361,337.5,1,1,2021-09-08,1246,Aqua,MODIS,76,6.03,302.1,30.8,D,0
-3.1722,11.6533,326.6,1,1,2021-09-08,1246,Aqua,MODIS,47,6.03,293.9,16.7,D,0
-3.3833,11.593,322.7,1,1,2021-09-08,1246,Aqua,MODIS,59,6.03,302.8,6.3,D,0
-3.5282,11.6729,353.3,1,1,2021-09-08,1246,Aqua,MODIS,97,6.03,301.7,59.5,D,0
-3.5269,11.682,338.3,1,1,2021-09-08,1246,Aqua,MODIS,88,6.03,300.9,29.3,D,0
-3.4083,11.6124,362.5,1,1,2021-09-08,1246,Aqua,MODIS,100,6.03,300.3,83.7,D,0
-3.285,11.8949,335.4,1,1,2021-09-08,1246,Aqua,MODIS,86,6.03,301.4,23.9,D,0
-2.1409,12.8848,322.4,1,1,2021-09-08,1247,Aqua,MODIS,54,6.03,293.1,13.7,D,0
-3.0065,11.5894,331,1,1,2021-09-08,1247,Aqua,MODIS,84,6.03,286.9,24.8,D,0
-2.7978,10.9234,309.8,1.1,1,2021-09-08,1247,Aqua,MODIS,34,6.03,272.3,8.1,D,0
-2.7903,10.7753,320.7,1.1,1,2021-09-08,1247,Aqua,MODIS,77,6.03,285.4,15.8,D,0
-2.8337,10.8701,318.8,1.1,1,2021-09-08,1247,Aqua,MODIS,62,6.03,282.6,12.3,D,0
-2.7889,10.785,317.1,1.1,1,2021-09-08,1247,Aqua,MODIS,66,6.03,287.8,11.3,D,0
-3.1416,11.0941,328.1,1.1,1,2021-09-08,1247,Aqua,MODIS,61,6.03,296,17.6,D,0
-3.1402,11.1034,326.3,1.1,1,2021-09-08,1247,Aqua,MODIS,53,6.03,297.3,15,D,0
-2.202,11.2322,318.2,1,1,2021-09-08,1247,Aqua,MODIS,32,6.03,294,5.4,D,0
-2.2111,11.2335,350.3,1,1,2021-09-08,1247,Aqua,MODIS,96,6.03,298.5,56.1,D,0
-2.8323,10.8796,313.8,1.1,1,2021-09-08,1247,Aqua,MODIS,41,6.03,281.5,7.6,D,0
-1.6172,9.9274,309.3,1.2,1.1,2021-09-08,1247,Aqua,MODIS,50,6.03,293,6.5,D,0
-2.7899,10.9125,332.5,1.1,1,2021-09-08,1247,Aqua,MODIS,0,6.03,272,32.2,D,0
-2.7885,10.9221,354.8,1.1,1,2021-09-08,1247,Aqua,MODIS,74,6.03,278.4,78.6,D,0
-1.8659,10.8744,324.5,1.1,1,2021-09-08,1247,Aqua,MODIS,38,6.03,297.2,16.2,D,0
-2.4059,10.9596,322.9,1.1,1,2021-09-08,1247,Aqua,MODIS,81,6.03,288.9,20.7,D,0
-2.1264,11.2431,322.3,1,1,2021-09-08,1247,Aqua,MODIS,70,6.03,298.5,11.8,D,0
-2.1355,11.2444,326.8,1,1,2021-09-08,1247,Aqua,MODIS,75,6.03,301.4,16.6,D,0
0.3578,9.8255,312.4,1.1,1.1,2021-09-08,1247,Aqua,MODIS,45,6.03,292,5.6,D,0
-2.7124,11.1364,310,1.1,1,2021-09-08,1247,Aqua,MODIS,53,6.03,278.9,9,D,0
-2.5099,11.2659,312.1,1,1,2021-09-08,1247,Aqua,MODIS,56,6.03,286.5,5.2,D,0
-2.4073,10.9501,316.6,1.1,1,2021-09-08,1247,Aqua,MODIS,59,6.03,286.9,13.9,D,0
-2.7635,11.5553,320.9,1,1,2021-09-08,1247,Aqua,MODIS,53,6.03,293.7,12.1,D,0
-1.6187,9.9171,309.7,1.2,1.1,2021-09-08,1247,Aqua,MODIS,49,6.03,291.5,7.6,D,0
-2.1302,11.2813,317.3,1,1,2021-09-08,1247,Aqua,MODIS,40,6.03,296.5,9,D,0
-2.8443,10.8617,326.4,1.1,1,2021-09-08,1247,Aqua,MODIS,60,6.03,281.7,20.8,D,0
-1.9322,11.1843,328.6,1,1,2021-09-08,1247,Aqua,MODIS,84,6.03,295.2,20.8,D,0
-2.8853,11.6038,322.2,1,1,2021-09-08,1247,Aqua,MODIS,41,6.03,297,12.1,D,0
-2.2123,11.2901,317.6,1,1,2021-09-08,1247,Aqua,MODIS,20,6.03,292.8,6.1,D,0
-2.2041,14.1812,336,1.1,1,2021-09-08,1247,Aqua,MODIS,63,6.03,299.8,26.5,D,0
-1.6369,11.5798,312.9,1,1,2021-09-08,1247,Aqua,MODIS,68,6.03,284.3,10.1,D,0
-2.2214,11.2914,373.8,1,1,2021-09-08,1247,Aqua,MODIS,87,6.03,296.2,125.9,D,0
-1.8554,10.8823,323.3,1.1,1,2021-09-08,1247,Aqua,MODIS,55,6.03,296,14.4,D,0
-2.8866,11.5946,320.6,1,1,2021-09-08,1247,Aqua,MODIS,49,6.03,294,10.5,D,0
-2.136,14.1913,325.9,1.1,1,2021-09-08,1247,Aqua,MODIS,53,6.03,299.2,10.6,D,0
-2.1212,11.2141,323.8,1,1,2021-09-08,1247,Aqua,MODIS,81,6.03,296.7,13.4,D,0
-1.5176,11.7668,309.6,1,1,2021-09-08,1247,Aqua,MODIS,61,6.03,286.3,6.6,D,0
-1.5163,11.7757,321.1,1,1,2021-09-08,1247,Aqua,MODIS,78,6.03,287.5,16.4,D,0
-2.3974,11.3475,310.2,1,1,2021-09-08,1247,Aqua,MODIS,37,6.03,272.7,5.7,D,2
-1.8673,11.8963,309.5,1,1,2021-09-08,1247,Aqua,MODIS,56,6.03,284.2,6.7,D,0
-1.9187,11.8645,307,1,1,2021-09-08,1247,Aqua,MODIS,58,6.03,278,7.5,D,0
-1.9225,11.9016,304.1,1,1,2021-09-08,1247,Aqua,MODIS,35,6.03,281.8,3.8,D,0
-2.3961,11.3567,326.4,1,1,2021-09-08,1247,Aqua,MODIS,72,6.03,271.6,20.9,D,2
-2.0856,12.8794,327.9,1,1,2021-09-08,1247,Aqua,MODIS,72,6.03,286.9,21.9,D,0
-2.1476,14.1956,303.9,3.8,1.8,2021-09-08,2208,Terra,MODIS,33,6.03,287.7,38.1,N,0
-2.1199,14.2218,301.5,3.9,1.8,2021-09-08,2208,Terra,MODIS,37,6.03,288,31.4,N,0
-2.1414,14.1899,310.7,3.8,1.8,2021-09-08,2208,Terra,MODIS,81,6.03,287.9,70.5,N,0
-2.1312,14.1937,324,3.8,1.8,2021-09-08,2208,Terra,MODIS,100,6.03,288,151.5,N,0
-2.125,14.1876,316.5,3.8,1.8,2021-09-08,2208,Terra,MODIS,93,6.03,288.1,104.2,N,0
-2.2021,14.1473,342.6,1.6,1.2,2021-09-09,2113,Terra,MODIS,100,6.03,291.1,94.1,N,0
-2.285,14.0428,300.1,1.6,1.3,2021-09-09,2113,Terra,MODIS,16,6.03,290,6.7,N,0
-2.2001,14.162,312.6,1.6,1.2,2021-09-09,2113,Terra,MODIS,85,6.03,289.9,21.8,N,0
-2.4865,11.5194,302.8,2.6,1.5,2021-09-09,2113,Terra,MODIS,51,6.03,289.7,19,N,0
-2.2041,14.1272,308.8,1.6,1.2,2021-09-09,2113,Terra,MODIS,76,6.03,290.3,16.6,N,0
-2.4832,11.5427,303.3,2.6,1.5,2021-09-09,2113,Terra,MODIS,34,6.03,289.3,23.1,N,0
-2.4925,11.5256,306.5,2.6,1.5,2021-09-09,2113,Terra,MODIS,68,6.03,289.6,29.2,N,0
-2.2022,14.1409,328.5,1.6,1.2,2021-09-09,2113,Terra,MODIS,100,6.03,290.7,53.3,N,0
-2.2041,14.1331,318,1.6,1.2,2021-09-09,2113,Terra,MODIS,96,6.03,290.5,30.3,N,0
-2.2001,14.1554,335.1,1.6,1.2,2021-09-09,2113,Terra,MODIS,100,6.03,290.8,70.2,N,0
-2.156,14.1505,335.1,1.1,1,2021-09-10,0935,Terra,MODIS,86,6.03,295.4,31,D,0
-0.8203,12.7127,323.9,1,1,2021-09-10,0935,Terra,MODIS,62,6.03,299.6,14.2,D,0
-0.8216,12.7216,319.8,1,1,2021-09-10,0935,Terra,MODIS,30,6.03,299.2,9.6,D,0
-0.8421,12.7368,314,1,1,2021-09-10,0935,Terra,MODIS,44,6.03,295.1,5.9,D,0
-0.8434,12.7457,313,1,1,2021-09-10,0935,Terra,MODIS,62,6.03,294.9,5.7,D,0
-0.8597,12.6648,321.8,1,1,2021-09-10,0935,Terra,MODIS,58,6.03,296.6,14.1,D,0
-0.7485,12.9746,312.8,1,1,2021-09-10,0935,Terra,MODIS,28,6.03,295.5,4.8,D,0
-0.7395,12.9759,314,1,1,2021-09-10,0935,Terra,MODIS,41,6.03,296.2,5.7,D,0
-1.5765,13.4692,321,1,1,2021-09-10,0935,Terra,MODIS,72,6.03,294.9,12,D,0
-1.5119,13.5309,328.4,1,1,2021-09-10,0935,Terra,MODIS,81,6.03,294.5,21.5,D,0
-2.1574,14.1601,328.9,1.1,1,2021-09-10,0935,Terra,MODIS,67,6.03,295.9,20.2,D,0
-2.1614,14.1436,328.8,1.1,1,2021-09-10,0935,Terra,MODIS,64,6.03,297.2,19.7,D,0
-2.1628,14.1533,352.2,1.1,1,2021-09-10,0935,Terra,MODIS,96,6.03,298.6,63,D,0
-2.1801,14.1407,352.4,1.1,1,2021-09-10,0935,Terra,MODIS,96,6.03,300,63.3,D,0
-0.7775,11.9197,313.1,1,1,2021-09-10,0935,Terra,MODIS,58,6.03,295.6,6.3,D,0
-1.9177,14.2359,320.1,1.1,1,2021-09-10,0935,Terra,MODIS,49,6.03,299.5,7.7,D,0
-1.6698,13.1013,315.7,1,1,2021-09-10,0935,Terra,MODIS,66,6.03,296.4,9.2,D,0
-1.6685,13.0924,315.6,1,1,2021-09-10,0935,Terra,MODIS,66,6.03,295.8,9.1,D,0
-3.2802,11.7783,318.8,1.4,1.2,2021-09-10,1234,Aqua,MODIS,67,6.03,289.2,18.9,D,0
-3.2785,11.7904,312.7,1.4,1.2,2021-09-10,1234,Aqua,MODIS,26,6.03,291.6,9,D,0
-3.2747,11.7843,318.7,1.4,1.2,2021-09-10,1234,Aqua,MODIS,59,6.03,290,15.4,D,0
-1.2884,11.5839,327.6,1.4,1.2,2021-09-10,1235,Aqua,MODIS,83,6.03,286.2,37.2,D,0
-1.3192,13.4635,319.3,1.1,1,2021-09-10,1235,Aqua,MODIS,72,6.03,294.7,11.1,D,0
-1.2556,13.5273,315.2,1.1,1,2021-09-10,1235,Aqua,MODIS,50,6.03,298.3,7.4,D,0
-1.4937,13.7948,320.4,1.1,1,2021-09-10,1235,Aqua,MODIS,71,6.03,296.3,13.6,D,0
-1.4105,13.5318,324.6,1.1,1,2021-09-10,1235,Aqua,MODIS,36,6.03,297.4,15.5,D,0
-1.5123,13.5333,316.1,1.1,1,2021-09-10,1235,Aqua,MODIS,53,6.03,298.8,7,D,0
-0.6016,13.6636,313.5,1.1,1,2021-09-10,1235,Aqua,MODIS,68,6.03,285.7,9.2,D,0
-1.6073,13.1694,332.7,1.1,1.1,2021-09-10,1235,Aqua,MODIS,85,6.03,294.6,34.2,D,0
-1.6716,13.2606,319.5,1.1,1.1,2021-09-10,1235,Aqua,MODIS,63,6.03,296.6,12.8,D,0
-1.5932,13.2701,316,1.1,1.1,2021-09-10,1235,Aqua,MODIS,45,6.03,297.2,5.6,D,0
-1.2967,13.0393,309.4,1.1,1.1,2021-09-10,1235,Aqua,MODIS,48,6.03,293.1,4.9,D,0
-1.0992,12.4239,319.7,1.2,1.1,2021-09-10,1235,Aqua,MODIS,75,6.03,295.4,15.5,D,0
-1.1895,12.4314,313.3,1.2,1.1,2021-09-10,1235,Aqua,MODIS,36,6.03,295.8,6.8,D,0
-1.2159,12.4575,324.4,1.2,1.1,2021-09-10,1235,Aqua,MODIS,80,6.03,296.2,21.7,D,0
-1.3944,13.8418,314.6,1.1,1,2021-09-10,1235,Aqua,MODIS,56,6.03,297.1,7.5,D,0
-1.6358,13.6911,320.2,1.1,1,2021-09-10,1235,Aqua,MODIS,72,6.03,298.5,12.6,D,0
-1.6083,13.2312,328.9,1.1,1.1,2021-09-10,1235,Aqua,MODIS,82,6.03,296.6,25.2,D,0
-1.4894,13.1814,327.5,1.1,1.1,2021-09-10,1235,Aqua,MODIS,82,6.03,297.9,22,D,0
-1.5054,14.2211,316.2,1,1,2021-09-10,1235,Aqua,MODIS,0,6.03,294,6.6,D,0
-1.6759,13.3389,319.6,1.1,1.1,2021-09-10,1235,Aqua,MODIS,64,6.03,296.7,11.1,D,2
-1.3272,13.4745,319,1.1,1,2021-09-10,1235,Aqua,MODIS,37,6.03,297.3,10.8,D,0
-1.3178,13.4732,318.2,1.1,1,2021-09-10,1235,Aqua,MODIS,62,6.03,293.6,10.2,D,0
1.9097,11.6046,310.7,1.3,1.1,2021-09-10,1236,Aqua,MODIS,54,6.03,290.9,8.1,D,0
-3.2846,11.235,310.4,2.8,1.6,2021-09-12,1222,Aqua,MODIS,20,6.03,290.6,24.7,D,0
0.4069,9.4528,316.9,1.5,1.2,2021-09-13,1005,Terra,MODIS,39,6.03,292.1,12.2,D,2
-3.2705,11.8318,311.8,2.7,1.6,2021-09-13,1006,Terra,MODIS,28,6.03,289.9,19.8,D,0
-3.2737,11.8557,335.8,2.7,1.6,2021-09-13,1006,Terra,MODIS,88,6.03,289.8,131.3,D,0
-3.2663,11.8389,324.5,2.7,1.6,2021-09-13,1006,Terra,MODIS,80,6.03,290.9,68.7,D,0
-2.8887,10.9465,317,2.3,1.5,2021-09-13,1006,Terra,MODIS,72,6.03,286.8,30.6,D,0
-2.8421,10.9218,378.5,1.3,1.1,2021-09-13,1305,Aqua,MODIS,75,6.03,286.8,192.7,D,0
-1.9642,9.8697,315.5,1.1,1.1,2021-09-13,1305,Aqua,MODIS,52,6.03,292.9,9.1,D,2
-1.9595,9.8736,317.7,1.1,1.1,2021-09-13,1305,Aqua,MODIS,71,6.03,293.1,12,D,2
-3.0912,10.823,322.8,1.2,1.1,2021-09-13,1305,Aqua,MODIS,75,6.03,295.5,18.5,D,0
-2.916,10.7628,320.2,1.2,1.1,2021-09-13,1305,Aqua,MODIS,47,6.03,295.2,10.3,D,0
-3.0007,10.3988,322.3,1.2,1.1,2021-09-13,1305,Aqua,MODIS,55,6.03,298.5,13.3,D,0
-2.9063,10.9369,300.7,1.3,1.1,2021-09-14,2131,Terra,MODIS,32,6.03,276,7.5,N,0
-2.9553,11.0493,315.2,1.3,1.2,2021-09-15,0954,Terra,MODIS,49,6.03,292.6,10.8,D,0
-1.6235,13.4102,321.3,1.2,1.1,2021-09-15,1253,Aqua,MODIS,60,6.03,297.1,12.8,D,0
-0.7455,12.9682,314.2,1.2,1.1,2021-09-15,1253,Aqua,MODIS,61,6.03,297.6,6.9,D,0
-1.6641,13.4053,324.7,1.2,1.1,2021-09-15,1253,Aqua,MODIS,76,6.03,295.2,17.7,D,0
-2.6219,11.2311,323.1,1,1,2021-09-15,1253,Aqua,MODIS,70,6.03,294.9,14.8,D,0
-2.6206,11.2401,321.1,1,1,2021-09-15,1253,Aqua,MODIS,70,6.03,294.1,12.6,D,0
-2.6488,11.235,313.8,1,1,2021-09-15,1253,Aqua,MODIS,45,6.03,292.8,6.8,D,0
-1.6343,13.6113,326.2,1.2,1.1,2021-09-15,1253,Aqua,MODIS,78,6.03,299.2,18,D,2
-1.6327,13.6221,324.6,1.2,1.1,2021-09-15,1253,Aqua,MODIS,76,6.03,298.8,16,D,2
-1.6733,13.5498,318.3,1.2,1.1,2021-09-15,1253,Aqua,MODIS,33,6.03,294.6,9.3,D,0
-1.6686,13.5825,328.7,1.2,1.1,2021-09-15,1253,Aqua,MODIS,80,6.03,295.9,23.2,D,0
-3.365,11.5668,322.8,1,1,2021-09-15,1253,Aqua,MODIS,69,6.03,296.6,10.8,D,0
-1.7174,13.6075,324.1,1.2,1.1,2021-09-15,1253,Aqua,MODIS,72,6.03,297.7,17.1,D,0
-2.3764,11.0768,320.1,1,1,2021-09-15,1253,Aqua,MODIS,73,6.03,296.5,12,D,0
-1.556,13.3841,354.3,1.2,1.1,2021-09-15,1253,Aqua,MODIS,64,6.03,299.8,82.5,D,0
-2.2982,11.4946,318.4,1,1,2021-09-15,1253,Aqua,MODIS,71,6.03,296.5,9.7,D,0
-1.681,13.2879,329.2,1.2,1.1,2021-09-15,1253,Aqua,MODIS,81,6.03,298.3,26.4,D,0
-2.2261,11.4235,328.1,1,1,2021-09-15,1253,Aqua,MODIS,82,6.03,296.7,19.7,D,0
-3.1219,11.6603,324.2,1,1,2021-09-15,1253,Aqua,MODIS,77,6.03,295.9,14.6,D,0
-2.815,11.4868,317.7,1,1,2021-09-15,1253,Aqua,MODIS,46,6.03,294.9,10.2,D,0
-2.734,10.67,317.4,1,1,2021-09-17,0941,Terra,MODIS,37,6.03,293.5,7.6,D,0
-2.7251,10.6712,318,1,1,2021-09-17,0941,Terra,MODIS,45,6.03,291.1,8,D,0
-3.0928,10.9659,314.9,1.3,1.1,2021-09-17,1240,Aqua,MODIS,39,6.03,291,10.1,D,0
-3.1216,11.1501,317.8,2.9,1.6,2021-09-18,1323,Aqua,MODIS,61,6.03,288.9,41.7,D,0
-2.8883,11.5941,314.9,3.2,1.7,2021-09-18,1323,Aqua,MODIS,52,6.03,292.4,37.6,D,0
-3.3325,11.4756,320.8,3,1.7,2021-09-18,1323,Aqua,MODIS,64,6.03,287.3,75.3,D,0
-2.8854,11.5985,315.9,3.2,1.7,2021-09-18,1323,Aqua,MODIS,65,6.03,292.8,45.1,D,0
-3.3278,11.4954,328.8,3,1.7,2021-09-18,1323,Aqua,MODIS,77,6.03,284.1,120,D,0
-3.0081,10.995,319.6,2.8,1.6,2021-09-18,1323,Aqua,MODIS,71,6.03,274.4,61.5,D,0
-3.1222,11.1551,320.5,2.9,1.6,2021-09-18,1323,Aqua,MODIS,72,6.03,288.6,56.7,D,0
-0.6055,12.9212,300.5,2.5,1.5,2021-09-18,2107,Terra,MODIS,29,6.03,287.6,12.2,N,0
-3.2975,11.5549,312.5,1.1,1.1,2021-09-19,0929,Terra,MODIS,0,6.03,289.5,7.4,D,0
-3.5199,11.6046,309.8,1.1,1,2021-09-19,2149,Terra,MODIS,78,6.03,290.7,10.2,N,0
-3.5184,11.6146,301.8,1.1,1,2021-09-19,2149,Terra,MODIS,44,6.03,291,4.4,N,0
-1.5221,9.9485,304.7,1,1,2021-09-19,2150,Terra,MODIS,61,6.03,281.1,7.5,N,2
-1.5213,9.9552,306.8,1,1,2021-09-20,0051,Aqua,MODIS,69,6.03,288.1,7.7,N,2
-3.1667,11.1939,330.7,1.7,1.3,2021-09-20,1311,Aqua,MODIS,83,6.03,292.8,43.4,D,0
-1.7541,13.4992,316.8,2.7,1.6,2021-09-20,1311,Aqua,MODIS,67,6.03,293.8,31.8,D,0
-1.6206,13.5002,318.9,2.7,1.6,2021-09-20,1311,Aqua,MODIS,68,6.03,291.8,37.3,D,0
-1.6292,13.494,321.8,2.7,1.6,2021-09-20,1311,Aqua,MODIS,75,6.03,292.2,49.6,D,0
-1.6346,13.5022,316.3,2.7,1.6,2021-09-20,1311,Aqua,MODIS,54,6.03,292.2,25.2,D,0
-3.1641,11.1994,336.9,1.7,1.3,2021-09-20,1311,Aqua,MODIS,88,6.03,292.2,61.3,D,0
-1.6258,13.5179,313.4,2.7,1.6,2021-09-20,1311,Aqua,MODIS,42,6.03,290.3,17.9,D,0
-1.5478,14.4549,320.8,1.1,1.1,2021-09-21,2137,Terra,MODIS,100,6.03,289.6,21.7,N,0
-0.0987,11.9484,311.4,1.8,1.3,2021-09-22,0959,Terra,MODIS,0,6.03,293.3,14.1,D,2
-0.0761,11.1317,318.1,1.1,1.1,2021-09-22,1300,Aqua,MODIS,42,6.03,290.8,8.3,D,2
-0.7441,12.9709,314.4,1,1,2021-09-26,0935,Terra,MODIS,44,6.03,295.2,6,D,0
-2.4712,14.0854,317.9,1.1,1,2021-09-26,1234,Aqua,MODIS,46,6.03,293.7,10.1,D,0
-2.4896,14.0881,325.3,1.1,1,2021-09-26,1234,Aqua,MODIS,73,6.03,296,16.6,D,0
-0.0641,11.7578,315.4,1.3,1.1,2021-09-26,1235,Aqua,MODIS,62,6.03,298.2,11.8,D,0
-2.6042,11.3655,317.8,2.3,1.5,2021-09-27,1317,Aqua,MODIS,24,6.03,292,24.6,D,0
-3.053,11.615,319.1,2.4,1.5,2021-09-27,1317,Aqua,MODIS,66,6.03,293.6,32.2,D,0
-2.6365,11.3284,320.6,2.3,1.5,2021-09-27,1317,Aqua,MODIS,66,6.03,293.1,31.2,D,0
-3.0094,11.5436,314.2,2.3,1.5,2021-09-27,1317,Aqua,MODIS,47,6.03,293.3,22.9,D,0
-2.6343,11.3355,318.5,2.3,1.5,2021-09-27,1317,Aqua,MODIS,62,6.03,291.6,28.1,D,0
-1.4193,13.1895,313.5,1.9,1.4,2021-09-29,1305,Aqua,MODIS,58,6.03,285.2,20.7,D,0
-0.9909,13.5538,346.2,1,1,2021-10-03,1241,Aqua,MODIS,93,6.03,298.4,48.7,D,0
-1.8222,13.6018,329.3,1,1,2021-10-03,1241,Aqua,MODIS,81,6.03,301,19.3,D,0
-2.235,13.6094,325.3,1,1,2021-10-03,1241,Aqua,MODIS,78,6.03,298.6,17.5,D,0
-1.6838,13.5388,322.4,1,1,2021-10-03,1241,Aqua,MODIS,61,6.03,299.2,11.2,D,0
-1.5058,13.24,319.7,1,1,2021-10-03,1241,Aqua,MODIS,45,6.03,299.3,9.5,D,0
-0.9896,13.5626,316.2,1,1,2021-10-03,1241,Aqua,MODIS,60,6.03,297.6,8.4,D,0
-0.0694,11.7599,317.2,1.7,1.3,2021-10-05,1229,Aqua,MODIS,35,6.03,297.7,18.6,D,0
0.2268,11.9265,301.9,1,1,2021-10-07,2137,Terra,MODIS,45,6.03,282.4,5.5,N,0
-1.4786,14.1361,328.2,1.7,1.3,2021-10-08,1259,Aqua,MODIS,81,6.03,295.2,32.9,D,0
-0.0936,9.4741,310.1,3.2,1.7,2021-10-11,1330,Aqua,MODIS,29,6.03,286.4,25,D,0
-0.7441,12.9649,303.5,1.9,1.3,2021-10-12,2155,Terra,MODIS,55,6.03,289.9,10.8,N,0
-0.7375,12.9706,302.5,1.9,1.3,2021-10-12,2155,Terra,MODIS,50,6.03,289.9,8.8,N,0
-1.959,9.874,306.1,1.1,1.1,2021-10-12,2155,Terra,MODIS,67,6.03,288.7,7.3,N,2
-0.7329,12.9658,300.8,1.3,1.2,2021-10-13,0057,Aqua,MODIS,34,6.03,290.5,5.1,N,0
-2.1588,11.2658,319.6,2.3,1.5,2021-10-13,1317,Aqua,MODIS,70,6.03,289.1,36,D,0
-2.1546,11.2702,316.8,2.3,1.5,2021-10-13,1317,Aqua,MODIS,66,6.03,288,27.8,D,0
-1.4779,13.3906,311.4,3.5,1.8,2021-10-13,1318,Aqua,MODIS,50,6.03,289.1,28,D,0
-0.9444,8.9174,318.8,2.4,1.5,2021-10-14,0922,Terra,MODIS,63,6.03,290.4,39.2,D,0
-0.943,8.9329,333.5,2.4,1.5,2021-10-14,0922,Terra,MODIS,85,6.03,291,100.9,D,0
-0.9474,8.9385,330.8,2.4,1.5,2021-10-14,0922,Terra,MODIS,83,6.03,289.9,85.6,D,0
-3.0458,10.9057,317.2,2.9,1.6,2021-10-14,1222,Aqua,MODIS,64,6.03,291.7,37.2,D,0
-0.7372,12.9644,302.1,1.2,1.1,2021-10-14,2143,Terra,MODIS,47,6.03,287.3,4.8,N,0
-3.0985,11.1696,312.3,2.4,1.5,2021-10-15,1005,Terra,MODIS,37,6.03,292.7,25.9,D,0
-2.1059,11.2162,338.2,1.3,1.1,2021-10-15,1305,Aqua,MODIS,89,6.03,298.3,45.3,D,0
-2.0956,11.2147,325.8,1.3,1.1,2021-10-15,1305,Aqua,MODIS,67,6.03,297.3,19.7,D,0
-2.1042,11.2281,322.6,1.3,1.1,2021-10-15,1305,Aqua,MODIS,45,6.03,294.4,13.9,D,0
-1.8009,10.916,312.4,1,1,2021-10-17,1253,Aqua,MODIS,29,6.03,294,4.4,D,0
-1.5474,10.3797,314.1,1,1,2021-10-17,1253,Aqua,MODIS,45,6.03,296,5.3,D,0
-2.0777,13.4897,314.8,1.2,1.1,2021-10-17,1253,Aqua,MODIS,68,6.03,286.6,11.4,D,0
-2.4091,11.4266,316.7,1,1,2021-10-17,1253,Aqua,MODIS,31,6.03,297.6,7.7,D,0
-2.2806,11.1037,318.1,1,1,2021-10-17,1253,Aqua,MODIS,67,6.03,296.9,9.7,D,0
-2.9588,11.6991,318.6,1,1,2021-10-17,1253,Aqua,MODIS,69,6.03,295.4,8.1,D,0
0.2304,11.9277,302.3,1.3,1.1,2021-10-21,2149,Terra,MODIS,48,6.03,286.1,6.8,N,0
-3.1331,11.2571,318.4,1.1,1,2021-10-24,1259,Aqua,MODIS,20,6.03,291.3,8.3,D,0
-1.957,9.8766,310.7,1,1,2021-10-26,0947,Terra,MODIS,42,6.03,286.4,7.8,D,2
-0.7835,11.9147,310.1,1,1,2021-10-26,1247,Aqua,MODIS,60,6.03,292.1,4.6,D,0
-0.7476,12.9718,311.5,1.1,1.1,2021-10-28,1235,Aqua,MODIS,60,6.03,295,6.9,D,0
0.8722,11.5836,308.3,1.3,1.1,2021-10-28,1235,Aqua,MODIS,56,6.03,293.1,6.1,D,0
2.0752,11.4926,313.5,1.3,1.1,2021-10-28,1236,Aqua,MODIS,69,6.03,299,9.3,D,2
-1.9594,9.873,306.5,1.1,1.1,2021-10-28,2155,Terra,MODIS,68,6.03,290.7,7.4,N,2
-1.5225,9.9496,305.3,1.1,1.1,2021-10-28,2155,Terra,MODIS,59,6.03,286.4,8.1,N,2
-0.7373,12.9626,300.6,1.9,1.3,2021-10-28,2155,Terra,MODIS,30,6.03,290.5,7.4,N,0
-1.5257,9.9567,301.3,1,1,2021-10-29,0057,Aqua,MODIS,13,6.03,291,4.6,N,2
-2.2091,11.1781,315.4,2.7,1.6,2021-10-30,1222,Aqua,MODIS,73,6.03,287.5,37.3,D,0
-0.8642,12.6585,309.2,1.9,1.4,2021-10-30,1223,Aqua,MODIS,0,6.03,284.7,14.4,D,0
-1.9595,9.8729,315.1,1.1,1.1,2021-10-31,1305,Aqua,MODIS,66,6.03,291.2,9,D,2
-1.9587,9.8777,312.4,1,1,2021-11-02,1253,Aqua,MODIS,61,6.03,291.8,6.6,D,2
0.3097,11.6665,309,1,1,2021-11-04,0940,Terra,MODIS,57,6.03,290.4,3.9,D,0
-1.5554,13.216,315.1,1.1,1.1,2021-11-04,0940,Terra,MODIS,37,6.03,296.6,8.1,D,2
-3.1714,11.4143,322.6,1,1,2021-11-04,0941,Terra,MODIS,58,6.03,301.4,13.2,D,0
-3.1727,11.4233,318.7,1,1,2021-11-04,0941,Terra,MODIS,35,6.03,298.5,9.8,D,0
-1.8058,13.6792,328.2,1,1,2021-11-04,1241,Aqua,MODIS,83,6.03,296.8,21.1,D,0
-0.8642,12.668,317.9,1,1,2021-11-04,1241,Aqua,MODIS,69,6.03,296.7,10.8,D,0
-3.3466,11.5526,324.2,1.8,1.3,2021-11-07,1311,Aqua,MODIS,77,6.03,294.9,25.9,D,0
-3.1707,11.1697,310.8,3.7,1.8,2021-11-08,1216,Aqua,MODIS,66,6.03,284.9,35.3,D,0
-3.1663,11.2019,309.4,3.6,1.8,2021-11-08,1216,Aqua,MODIS,63,6.03,284.6,28,D,0
-3.1585,11.1963,311.4,3.6,1.8,2021-11-08,1216,Aqua,MODIS,58,6.03,284,34.8,D,0
-1.2011,14.1169,311.8,2.9,1.6,2021-11-09,0958,Terra,MODIS,48,6.03,288.1,22.1,D,0
-1.203,14.1102,310.8,2.9,1.6,2021-11-09,0958,Terra,MODIS,32,6.03,287.9,18.6,D,0
-1.7079,14.1649,317.9,1.1,1,2021-11-11,1247,Aqua,MODIS,63,6.03,297.4,8,D,0
-1.7065,14.1748,317.9,1.1,1,2021-11-11,1247,Aqua,MODIS,67,6.03,295.2,7.9,D,0
-0.0893,11.9808,310.6,1,1,2021-11-11,1248,Aqua,MODIS,32,6.03,294.4,5.3,D,0
-0.7073,10.2486,311.8,1.7,1.3,2021-11-13,1235,Aqua,MODIS,57,6.03,294.2,12.1,D,0
0.2288,11.9261,300.6,1.1,1,2021-11-17,2130,Terra,MODIS,31,6.03,286.4,4.5,N,0
-0.0867,11.9792,302,1.1,1,2021-11-17,2130,Terra,MODIS,46,6.03,289.2,4.4,N,0
-2.7668,10.75,334.6,1.3,1.1,2021-11-18,0952,Terra,MODIS,88,6.03,294.8,40.2,D,0
-1.3695,13.5611,314.2,2,1.4,2021-11-18,0952,Terra,MODIS,69,6.03,291.9,22.2,D,0
-2.7685,10.7614,319.1,1.3,1.1,2021-11-18,0952,Terra,MODIS,72,6.03,294.7,14.2,D,0
-2.7584,10.7629,321,1.3,1.1,2021-11-18,0952,Terra,MODIS,75,6.03,294,17.1,D,0
-2.7567,10.7514,335.3,1.3,1.1,2021-11-18,0952,Terra,MODIS,88,6.03,292.7,41.8,D,0
-0.3029,12.1201,306.8,1.1,1,2021-11-20,1241,Aqua,MODIS,60,6.03,288.4,4.3,D,0
0.3877,9.6076,308,1.4,1.2,2021-11-20,1242,Aqua,MODIS,19,6.03,286.4,6.2,D,0
-1.7258,13.5118,315.6,1.3,1.1,2021-11-22,1229,Aqua,MODIS,68,6.03,296.3,11.5,D,0
-1.4766,13.4703,312.7,1.3,1.1,2021-11-22,1229,Aqua,MODIS,43,6.03,294.1,9.8,D,0
-1.7241,13.5236,325,1.3,1.1,2021-11-22,1229,Aqua,MODIS,80,6.03,296.1,25.7,D,0
-1.4646,13.4808,331.1,1.3,1.1,2021-11-22,1229,Aqua,MODIS,81,6.03,291.9,37.7,D,0
-1.4748,13.4823,356.3,1.3,1.1,2021-11-22,1229,Aqua,MODIS,98,6.03,297.3,108.5,D,0
0.9465,10.0993,306,2.2,1.4,2021-11-23,1010,Terra,MODIS,30,6.03,286.9,8.8,D,0
0.8373,9.9541,305.2,2.2,1.4,2021-11-23,1010,Terra,MODIS,27,6.03,285.8,7.4,D,0
0.5623,10.1375,305.7,2.3,1.5,2021-11-23,1010,Terra,MODIS,20,6.03,286.5,8.9,D,0
0.9851,10.1058,305.4,2.2,1.4,2021-11-23,1010,Terra,MODIS,12,6.03,287.1,8.2,D,0
-2.1853,11.2949,343.5,1.8,1.3,2021-11-23,1312,Aqua,MODIS,87,6.03,295.2,93.7,D,0
-0.8679,12.6617,306.9,2.6,1.5,2021-11-24,1217,Aqua,MODIS,0,6.03,287.2,18.7,D,0
-0.0904,11.9867,306.6,1.9,1.3,2021-11-25,0958,Terra,MODIS,42,6.03,288.1,7.7,D,0
0.3751,9.6097,314.7,1.2,1.1,2021-11-25,0958,Terra,MODIS,54,6.03,294.4,9.6,D,0
0.3729,9.589,316.8,1,1,2021-11-25,1300,Aqua,MODIS,46,6.03,297.2,6.5,D,0
-0.7439,12.9677,310,1.1,1.1,2021-11-29,1235,Aqua,MODIS,63,6.03,292.6,6,D,0
-1.2123,14.3764,323.5,2.4,1.5,2021-12-02,1306,Aqua,MODIS,73,6.03,291.2,41,D,0
-1.836,10.9501,321,1,1,2021-12-04,1253,Aqua,MODIS,77,6.03,296.6,11.7,D,0
-1.8028,9.8999,305.1,1,1,2021-12-04,1253,Aqua,MODIS,31,6.03,286.5,4.5,D,0
-1.8347,10.959,315.7,1,1,2021-12-04,1253,Aqua,MODIS,71,6.03,297.1,7.1,D,0
-1.3931,14.4563,316,1.4,1.2,2021-12-06,0939,Terra,MODIS,61,6.03,289.4,11.4,D,0
-1.7896,14.0949,320.1,1.3,1.1,2021-12-06,0939,Terra,MODIS,75,6.03,292.2,14.3,D,0
-1.401,14.4429,332.9,1,1,2021-12-06,1241,Aqua,MODIS,74,6.03,299.8,20.3,D,0
-0.7225,14.425,318.7,1,1,2021-12-06,1241,Aqua,MODIS,58,6.03,293.3,6.5,D,0
-1.7212,14.3238,319.4,1,1,2021-12-06,1241,Aqua,MODIS,68,6.03,296.4,7.5,D,0
-1.3729,14.4415,329.8,1,1,2021-12-06,1241,Aqua,MODIS,81,6.03,298.9,17.2,D,0
-1.392,14.4416,341.7,1,1,2021-12-06,1241,Aqua,MODIS,90,6.03,299.9,34.2,D,0
-1.7258,13.591,314,1,1,2021-12-06,1241,Aqua,MODIS,34,6.03,291.1,7,D,0
-1.4087,14.4533,324.8,1,1,2021-12-06,1241,Aqua,MODIS,50,6.03,298.9,11.8,D,0
-1.41,14.4442,322.6,1,1,2021-12-06,1241,Aqua,MODIS,27,6.03,297.8,9.3,D,0
-0.863,12.6612,312.4,1.5,1.2,2021-12-08,1229,Aqua,MODIS,0,6.03,292.7,12.2,D,0
-1.5224,9.9466,308.6,2.4,1.5,2021-12-08,1229,Aqua,MODIS,41,6.03,290.9,14.9,D,2
-1.5298,9.9526,311,2.4,1.5,2021-12-08,1229,Aqua,MODIS,59,6.03,290.5,22.9,D,2
-3.1842,11.1039,308.7,2.1,1.4,2021-12-08,1229,Aqua,MODIS,36,6.03,290.3,15.3,D,0
-0.7412,12.9691,300.1,1,1,2021-12-10,2136,Terra,MODIS,19,6.03,276.8,4.9,N,0
-0.8649,12.6574,319.1,1,1,2021-12-13,1248,Aqua,MODIS,64,6.03,294,12.4,D,0
-1.5302,9.9544,305.2,1.1,1.1,2021-12-13,1248,Aqua,MODIS,43,6.03,273.1,6.1,D,2
-0.8636,12.6663,313.3,1,1,2021-12-13,1248,Aqua,MODIS,61,6.03,293.1,7.4,D,0
-1.8382,14.1682,310.2,1.1,1,2021-12-15,0933,Terra,MODIS,55,6.03,290.9,4.6,D,0
-0.866,12.6667,314.6,1.2,1.1,2021-12-15,1235,Aqua,MODIS,61,6.03,292.5,11,D,0
-0.8676,12.6562,310.3,1.2,1.1,2021-12-15,1235,Aqua,MODIS,47,6.03,293.2,6.7,D,0
1.2579,11.8105,302.6,1.2,1.1,2021-12-15,1236,Aqua,MODIS,17,6.03,284.2,3.1,D,0
-1.7873,9.8196,303,1.1,1.1,2021-12-15,2154,Terra,MODIS,45,6.03,282.5,8.3,N,0
-0.7435,12.9673,303.5,1.2,1.1,2021-12-17,2142,Terra,MODIS,56,6.03,289.6,5.8,N,0
-0.1118,11.4736,309.6,1.5,1.2,2021-12-18,1306,Aqua,MODIS,31,6.03,291.9,5.7,D,0
-0.8936,14.3025,314.6,2.4,1.5,2021-12-18,1306,Aqua,MODIS,51,6.03,291.6,19.6,D,0
-2.206,14.1201,312.8,2.7,1.6,2021-12-19,1211,Aqua,MODIS,67,6.03,291.6,26.6,D,0
-2.2094,14.0962,326,2.7,1.6,2021-12-19,1211,Aqua,MODIS,82,6.03,292.9,81.1,D,0
-2.2026,14.1148,314.7,2.7,1.6,2021-12-19,1211,Aqua,MODIS,69,6.03,292.2,32.6,D,0
-2.2061,14.0907,318.5,2.7,1.6,2021-12-19,1211,Aqua,MODIS,75,6.03,292.8,46.9,D,0
-1.7423,13.5666,312.9,2,1.4,2021-12-20,0951,Terra,MODIS,71,6.03,289.7,22,D,0
2.0721,11.5292,309.4,1.1,1,2021-12-20,1255,Aqua,MODIS,56,6.03,290.4,4.9,D,0
-1.835,14.1029,312,1.3,1.1,2021-12-22,0939,Terra,MODIS,56,6.03,291.1,7.8,D,0
-0.8611,12.6601,310.7,1.1,1,2021-12-22,0939,Terra,MODIS,0,6.03,290.5,7.1,D,0
-0.8625,12.6696,308.1,1.1,1,2021-12-22,0939,Terra,MODIS,39,6.03,290.1,5.2,D,0
-1.6468,14.3824,317.6,1,1,2021-12-22,1241,Aqua,MODIS,37,6.03,290.3,5.9,D,0
-1.6717,13.4365,318.8,1,1,2021-12-22,1241,Aqua,MODIS,72,6.03,298.4,9.5,D,0
-2.4856,13.9242,328.5,1,1,2021-12-22,1241,Aqua,MODIS,83,6.03,297.6,19.9,D,0
1.5768,11.5808,312.8,1.1,1,2021-12-22,1242,Aqua,MODIS,54,6.03,290.4,7.1,D,2
-1.5702,9.8873,306.1,1.4,1.2,2021-12-22,1242,Aqua,MODIS,24,6.03,287.4,3.7,D,0
0.8147,11.5353,307.6,1.1,1,2021-12-22,1242,Aqua,MODIS,46,6.03,286.7,5.6,D,0
-0.8629,12.6614,319.1,1,1,2021-12-22,1242,Aqua,MODIS,64,6.03,298.2,12.4,D,0
-1.0201,13.491,312.8,1,1,2021-12-22,1242,Aqua,MODIS,57,6.03,296.8,5.5,D,0
-1.5234,9.9524,313,1.4,1.2,2021-12-22,1242,Aqua,MODIS,59,6.03,289.3,10.3,D,2
-1.0061,13.4618,320.3,1,1,2021-12-22,1242,Aqua,MODIS,73,6.03,297.6,11.1,D,0
-1.5297,9.946,312,1.4,1.2,2021-12-22,1242,Aqua,MODIS,56,6.03,289.1,9.1,D,2
-1.8679,9.8515,303.3,1.2,1.1,2021-12-26,2135,Terra,MODIS,23,6.03,285,7.3,N,0
-1.2402,14.1119,313.6,1.7,1.3,2021-12-27,1300,Aqua,MODIS,67,6.03,288.4,14.7,D,0
-1.2372,14.1184,310,1.7,1.3,2021-12-27,1300,Aqua,MODIS,38,6.03,287.4,7.7,D,0
-1.5253,14.3583,315.7,1.1,1,2021-12-31,0933,Terra,MODIS,56,6.03,290.6,10.3,D,0
-0.861,12.6536,307.6,1.2,1.1,2021-12-31,1236,Aqua,MODIS,0,6.03,290.7,4.6,D,0
-0.8629,12.6595,309.7,1.2,1.1,2021-12-31,1236,Aqua,MODIS,37,6.03,293.9,5.6,D,0
0.8702,10.1404,305.5,1.6,1.3,2021-12-31,1236,Aqua,MODIS,33,6.03,287.3,5.3,D,0
